Date,Ticker,Open,High,Low,Close,Adj Close,Volume
2020-01-02,CCL,51.34999847412109,51.66999816894531,50.72999954223633,51.310001373291016,50.718055725097656,4201000
2020-01-03,CCL,50.04999923706055,50.400001525878906,49.56999969482422,49.88999938964844,49.31443405151367,4892300
2020-01-06,CCL,49.34999847412109,49.400001525878906,48.27000045776367,48.380001068115234,47.82185745239258,6696400
2020-01-07,CCL,48.13999938964844,48.66999816894531,48.130001068115234,48.52999877929688,47.970123291015625,5725400
2020-01-08,CCL,48.5,49.02999877929688,48.43000030517578,48.7599983215332,48.19747161865234,5021400
2020-01-09,CCL,49.13999938964844,49.290000915527344,48.93000030517578,49.20000076293945,48.63239669799805,2588900
2020-01-10,CCL,49.2599983215332,49.58000183105469,48.79999923706055,48.84999847412109,48.286434173583984,4362500
2020-01-13,CCL,49.09999847412109,49.650001525878906,48.81999969482422,49.36000061035156,48.7905502319336,4041700
2020-01-14,CCL,49.43000030517578,50.27999877929688,49.36000061035156,50.209999084472656,49.63074493408203,4406100
2020-01-15,CCL,50.5099983215332,50.93999862670898,50.09999847412109,50.43999862670898,49.85808944702149,3656000
2020-01-16,CCL,50.59000015258789,51.36000061035156,50.459999084472656,51.34999847412109,50.757591247558594,4772700
2020-01-17,CCL,51.45000076293945,51.93999862670898,51.310001373291016,51.900001525878906,51.30125045776367,6560200
2020-01-21,CCL,51.380001068115234,51.380001068115234,50.29999923706055,50.68999862670898,50.10520553588867,12100700
2020-01-22,CCL,50.68000030517578,51.040000915527344,49.7400016784668,49.880001068115234,49.3045539855957,5109200
2020-01-23,CCL,49.02999877929688,49.61000061035156,48.130001068115234,49.45000076293945,48.879512786865234,6305100
2020-01-24,CCL,49.13999938964844,49.29999923706055,47.119998931884766,47.52000045776367,46.971778869628906,6470400
2020-01-27,CCL,45.400001525878906,46.13999938964844,44.72999954223633,45.27000045776367,44.74773406982422,8099200
2020-01-28,CCL,45.79999923706055,46.86000061035156,45.380001068115234,46.5,45.96354675292969,7155700
2020-01-29,CCL,46.36000061035156,46.970001220703125,46.27000045776367,46.5,45.96354675292969,3407500
2020-01-30,CCL,43.7599983215332,45.790000915527344,43.7599983215332,44.75,44.233734130859375,14856100
2020-01-31,CCL,44.9900016784668,45.15999984741211,43.209999084472656,43.52999877929688,43.027809143066406,11796400
2020-02-03,CCL,43.75,44.11000061035156,42.09999847412109,42.75,42.25680923461914,8341500
2020-02-04,CCL,44.220001220703125,44.40999984741211,43.380001068115234,43.560001373291016,43.057464599609375,6164400
2020-02-05,CCL,44.36000061035156,45.040000915527344,43.91999816894531,44.13999938964844,43.63077163696289,6679600
2020-02-06,CCL,44.630001068115234,44.81999969482422,43.7400016784668,43.77999877929688,43.2749252319336,4534600
2020-02-07,CCL,42.97999954223633,43.02999877929688,41.97999954223633,42.20000076293945,41.71315383911133,11253000
2020-02-10,CCL,42.08000183105469,42.400001525878906,41.66999816894531,41.77999877929688,41.297996520996094,4829300
2020-02-11,CCL,42.11000061035156,43.290000915527344,42.040000915527344,42.95000076293945,42.45450210571289,5807600
2020-02-12,CCL,43.22999954223633,44.43999862670898,43.08000183105469,44.060001373291016,43.55169677734375,6867900
2020-02-13,CCL,43.2599983215332,43.59999847412109,42.7599983215332,43.20000076293945,42.70161819458008,6670600
2020-02-14,CCL,43.06999969482422,43.119998931884766,42.5,42.59999847412109,42.10853576660156,3998000
2020-02-18,CCL,42.59999847412109,42.970001220703125,42.52999877929688,42.91999816894531,42.42484664916992,6245300
2020-02-19,CCL,42.560001373291016,43.43999862670898,42.52999877929688,43.34000015258789,42.84000015258789,4625400
2020-02-20,CCL,42.619998931884766,42.86000061035156,42.18999862670898,42.5,42.5,5343800
2020-02-21,CCL,42.11000061035156,42.18999862670898,41.650001525878906,41.68999862670898,41.68999862670898,8009800
2020-02-24,CCL,39.380001068115234,39.75,37.7599983215332,37.7599983215332,37.7599983215332,15441400
2020-02-25,CCL,38.0,38.11000061035156,35.66999816894531,35.84000015258789,35.84000015258789,16153700
2020-02-26,CCL,36.16999816894531,36.18999862670898,32.380001068115234,33.13999938964844,33.13999938964844,23492300
2020-02-27,CCL,32.650001525878906,33.70000076293945,30.190000534057617,31.850000381469727,31.850000381469727,31486400
2020-02-28,CCL,31.229999542236328,33.5,31.059999465942383,33.459999084472656,33.459999084472656,24855700
2020-03-02,CCL,32.709999084472656,33.060001373291016,31.25,33.060001373291016,33.060001373291016,19716200
2020-03-03,CCL,33.02000045776367,33.34000015258789,31.15999984741211,31.82999992370605,31.82999992370605,19720600
2020-03-04,CCL,32.25,32.459999084472656,30.89999961853028,32.459999084472656,32.459999084472656,19503500
2020-03-05,CCL,30.90999984741211,30.90999984741211,27.64999961853028,27.8700008392334,27.8700008392334,33085000
2020-03-06,CCL,26.90999984741211,29.299999237060547,26.100000381469727,27.14999961853028,27.14999961853028,29767800
2020-03-09,CCL,24.440000534057617,24.75,21.51000022888184,21.739999771118164,21.739999771118164,33764200
2020-03-10,CCL,23.51000022888184,24.18000030517578,20.200000762939453,24.020000457763672,24.020000457763672,45551300
2020-03-11,CCL,22.88999938964844,23.700000762939453,20.40999984741211,21.75,21.75,38235000
2020-03-12,CCL,17.90999984741211,22.5,14.699999809265137,14.970000267028809,14.970000267028809,47752900
2020-03-13,CCL,18.34000015258789,18.459999084472656,15.010000228881836,17.579999923706055,17.579999923706055,55565800
2020-03-16,CCL,15.050000190734863,17.899999618530273,14.5,14.56999969482422,14.56999969482422,50744900
2020-03-17,CCL,14.770000457763672,14.890000343322754,12.079999923706056,12.710000038146973,12.710000038146973,41578700
2020-03-18,CCL,11.15999984741211,11.550000190734863,7.900000095367432,9.300000190734863,9.300000190734863,69931000
2020-03-19,CCL,9.130000114440918,10.399999618530272,8.600000381469727,10.0,10.0,52662000
2020-03-20,CCL,11.09000015258789,13.8100004196167,10.600000381469728,12.0,12.0,80096400
2020-03-23,CCL,11.270000457763672,12.449999809265137,10.609999656677246,12.0,12.0,52551800
2020-03-24,CCL,14.0600004196167,16.68000030517578,13.100000381469728,13.68000030517578,13.68000030517578,65012400
2020-03-25,CCL,15.050000190734863,17.06999969482422,13.119999885559082,15.550000190734863,15.550000190734863,78051700
2020-03-26,CCL,15.5,19.13999938964844,15.050000190734863,17.81999969482422,17.81999969482422,97446600
2020-03-27,CCL,16.0,16.15999984741211,14.050000190734863,14.40999984741211,14.40999984741211,64592400
2020-03-30,CCL,13.4399995803833,13.470000267028809,11.710000038146973,12.800000190734863,12.800000190734863,46165600
2020-03-31,CCL,10.949999809265137,14.550000190734863,10.949999809265137,13.170000076293944,13.170000076293944,112205700
2020-04-01,CCL,12.600000381469728,12.609999656677246,8.609999656677246,8.800000190734863,8.800000190734863,182979300
2020-04-02,CCL,8.010000228881836,8.529999732971191,7.800000190734863,7.96999979019165,7.96999979019165,262061100
2020-04-03,CCL,8.289999961853027,8.739999771118164,8.020000457763672,8.489999771118164,8.489999771118164,124436200
2020-04-06,CCL,9.279999732971191,10.960000038146973,9.140000343322754,10.210000038146973,10.210000038146973,195697600
2020-04-07,CCL,12.350000381469728,12.949999809265137,11.050000190734863,11.300000190734863,11.300000190734863,185454300
2020-04-08,CCL,11.859999656677246,12.1899995803833,11.359999656677246,11.989999771118164,11.989999771118164,108041200
2020-04-09,CCL,12.90999984741211,13.729999542236328,11.920000076293944,12.420000076293944,12.420000076293944,144691900
2020-04-13,CCL,11.770000457763672,11.81999969482422,10.949999809265137,11.5,11.5,77438800
2020-04-14,CCL,12.460000038146973,13.1899995803833,12.170000076293944,12.510000228881836,12.510000228881836,79840100
2020-04-15,CCL,11.880000114440918,12.43000030517578,11.56999969482422,12.380000114440918,12.380000114440918,55875300
2020-04-16,CCL,12.140000343322754,12.289999961853027,11.369999885559082,11.850000381469728,11.850000381469728,59788600
2020-04-17,CCL,12.710000038146973,12.770000457763672,12.260000228881836,12.5600004196167,12.5600004196167,60675100
2020-04-20,CCL,12.079999923706056,12.5600004196167,11.859999656677246,12.220000267028809,12.220000267028809,41265200
2020-04-21,CCL,11.789999961853027,12.300000190734863,11.619999885559082,11.84000015258789,11.84000015258789,40644500
2020-04-22,CCL,12.079999923706056,12.18000030517578,11.380000114440918,11.640000343322754,11.640000343322754,38548100
2020-04-23,CCL,11.6899995803833,12.390000343322754,11.649999618530272,12.170000076293944,12.170000076293944,46795200
2020-04-24,CCL,12.25,12.350000381469728,11.619999885559082,11.90999984741211,11.90999984741211,39084700
2020-04-27,CCL,12.0600004196167,13.25,12.0,12.979999542236328,12.979999542236328,54811200
2020-04-28,CCL,13.960000038146973,14.670000076293944,13.369999885559082,14.460000038146973,14.460000038146973,90378200
2020-04-29,CCL,15.760000228881836,16.829999923706055,15.630000114440918,16.690000534057617,16.690000534057617,111882500
2020-04-30,CCL,16.260000228881836,16.690000534057617,15.18000030517578,15.899999618530272,15.899999618530272,87744900
2020-05-01,CCL,14.899999618530272,15.300000190734863,13.729999542236328,13.93000030517578,13.93000030517578,63622500
2020-05-04,CCL,13.119999885559082,14.579999923706056,12.75,14.34000015258789,14.34000015258789,74722700
2020-05-05,CCL,14.25,14.890000343322754,12.93000030517578,13.09000015258789,13.09000015258789,89357400
2020-05-06,CCL,13.510000228881836,13.59000015258789,12.579999923706056,12.81999969482422,12.81999969482422,50586800
2020-05-07,CCL,12.979999542236328,13.739999771118164,12.979999542236328,13.529999732971191,13.529999732971191,39715800
2020-05-08,CCL,14.06999969482422,14.390000343322754,13.649999618530272,14.210000038146973,14.210000038146973,41461800
2020-05-11,CCL,14.06999969482422,14.289999961853027,13.640000343322754,13.850000381469728,13.850000381469728,36936900
2020-05-12,CCL,14.109999656677246,14.220000267028809,13.15999984741211,13.1899995803833,13.1899995803833,35482300
2020-05-13,CCL,13.0,13.010000228881836,11.890000343322754,12.260000228881836,12.260000228881836,57274000
2020-05-14,CCL,11.670000076293944,12.619999885559082,11.0,12.270000457763672,12.270000457763672,56189700
2020-05-15,CCL,12.130000114440918,13.100000381469728,11.949999809265137,12.779999732971191,12.779999732971191,36812800
2020-05-18,CCL,14.100000381469728,15.06999969482422,13.920000076293944,14.720000267028809,14.720000267028809,79741300
2020-05-19,CCL,14.609999656677246,14.829999923706056,13.630000114440918,14.109999656677246,14.109999656677246,51347100
2020-05-20,CCL,14.619999885559082,14.6899995803833,13.829999923706056,14.149999618530272,14.149999618530272,40132600
2020-05-21,CCL,13.899999618530272,15.130000114440918,13.899999618530272,14.600000381469728,14.600000381469728,50573100
2020-05-22,CCL,14.920000076293944,15.18000030517578,14.149999618530272,14.460000038146973,14.460000038146973,29208000
2020-05-26,CCL,15.9399995803833,16.520000457763672,15.81999969482422,16.280000686645508,16.280000686645508,59226200
2020-05-27,CCL,18.15999984741211,18.15999984741211,16.1200008392334,17.239999771118164,17.239999771118164,88455700
2020-05-28,CCL,17.34000015258789,17.399999618530273,15.739999771118164,15.93000030517578,15.93000030517578,60785600
2020-05-29,CCL,15.229999542236328,15.920000076293944,15.0,15.739999771118164,15.739999771118164,50273900
2020-06-01,CCL,15.979999542236328,17.079999923706055,15.869999885559082,16.799999237060547,16.799999237060547,42436400
2020-06-02,CCL,17.329999923706055,17.479999542236328,16.559999465942383,16.8700008392334,16.8700008392334,41632100
2020-06-03,CCL,16.709999084472656,17.649999618530273,16.56999969482422,17.25,17.25,53113200
2020-06-04,CCL,17.360000610351562,19.059999465942383,16.65999984741211,18.479999542236328,18.479999542236328,86050100
2020-06-05,CCL,22.299999237060547,22.940000534057617,21.059999465942383,21.51000022888184,21.51000022888184,113521100
2020-06-08,CCL,24.56999969482422,25.280000686645508,23.40999984741211,24.90999984741211,24.90999984741211,107262900
2020-06-09,CCL,23.8799991607666,23.89999961853028,21.93000030517578,23.040000915527344,23.040000915527344,72547400
2020-06-10,CCL,22.200000762939453,22.46999931335449,19.5,20.59000015258789,20.59000015258789,82883100
2020-06-11,CCL,17.290000915527344,18.989999771118164,16.75,17.440000534057617,17.440000534057617,79106600
2020-06-12,CCL,19.809999465942383,20.200000762939453,18.530000686645508,19.979999542236328,19.979999542236328,65140100
2020-06-15,CCL,18.13999938964844,19.81999969482422,17.950000762939453,19.440000534057617,19.440000534057617,59224500
2020-06-16,CCL,21.81999969482422,21.850000381469727,19.61000061035156,20.420000076293945,20.420000076293945,58679100
2020-06-17,CCL,19.31999969482422,19.799999237060547,18.670000076293945,19.09000015258789,19.09000015258789,44645700
2020-06-18,CCL,17.959999084472656,19.549999237060547,17.799999237060547,18.81999969482422,18.81999969482422,60188000
2020-06-19,CCL,19.299999237060547,19.350000381469727,17.489999771118164,17.829999923706055,17.829999923706055,54899100
2020-06-22,CCL,17.360000610351562,17.649999618530273,16.540000915527344,17.229999542236328,17.229999542236328,44450700
2020-06-23,CCL,17.5,18.040000915527344,17.1200008392334,18.0,18.0,33867700
2020-06-24,CCL,17.030000686645508,17.280000686645508,15.65999984741211,16.0,16.0,47046000
2020-06-25,CCL,15.220000267028809,16.239999771118164,15.109999656677246,16.0,16.0,37376700
2020-06-26,CCL,16.209999084472656,16.350000381469727,15.15999984741211,15.779999732971191,15.779999732971191,36856000
2020-06-29,CCL,15.520000457763672,16.799999237060547,14.920000076293944,16.780000686645508,16.780000686645508,36047600
2020-06-30,CCL,16.549999237060547,16.709999084472656,15.850000381469728,16.420000076293945,16.420000076293945,25267600
2020-07-01,CCL,16.940000534057617,17.829999923706055,16.190000534057617,16.360000610351562,16.360000610351562,37215100
2020-07-02,CCL,17.049999237060547,17.170000076293945,15.800000190734863,15.880000114440918,15.880000114440918,30023300
2020-07-06,CCL,16.040000915527344,16.219999313354492,15.109999656677246,15.609999656677246,15.609999656677246,34196900
2020-07-07,CCL,15.15999984741211,15.399999618530272,14.5600004196167,14.56999969482422,14.56999969482422,31134800
2020-07-08,CCL,14.529999732971191,15.479999542236328,14.270000457763672,15.31999969482422,15.31999969482422,29958600
2020-07-09,CCL,15.850000381469728,16.0,14.5,14.579999923706056,14.579999923706056,40152000
2020-07-10,CCL,14.470000267028809,16.270000457763672,14.300000190734863,16.15999984741211,16.15999984741211,61894100
2020-07-13,CCL,16.479999542236328,16.700000762939453,15.25,15.279999732971191,15.279999732971191,41340500
2020-07-14,CCL,14.970000267028809,15.18000030517578,14.600000381469728,15.039999961853027,15.039999961853027,31410700
2020-07-15,CCL,16.1299991607666,17.559999465942383,15.93000030517578,17.479999542236328,17.479999542236328,72487600
2020-07-16,CCL,16.440000534057617,16.6200008392334,15.779999732971191,15.779999732971191,15.779999732971191,42311000
2020-07-17,CCL,15.640000343322754,15.989999771118164,15.229999542236328,15.470000267028809,15.470000267028809,28043600
2020-07-20,CCL,15.5600004196167,15.949999809265137,14.90999984741211,15.0,15.0,25175200
2020-07-21,CCL,15.270000457763672,15.479999542236328,15.010000228881836,15.1899995803833,15.1899995803833,24686900
2020-07-22,CCL,15.100000381469728,15.34000015258789,14.970000267028809,15.140000343322754,15.140000343322754,17650100
2020-07-23,CCL,15.010000228881836,15.380000114440918,14.510000228881836,14.800000190734863,14.800000190734863,32436100
2020-07-24,CCL,14.59000015258789,15.350000381469728,14.460000038146973,14.800000190734863,14.800000190734863,26712200
2020-07-27,CCL,14.609999656677246,14.630000114440918,13.619999885559082,13.75,13.75,37462900
2020-07-28,CCL,13.8100004196167,14.59000015258789,13.75,14.329999923706056,14.329999923706056,31311300
2020-07-29,CCL,14.470000267028809,14.699999809265137,14.09000015258789,14.649999618530272,14.649999618530272,19415000
2020-07-30,CCL,14.229999542236328,14.520000457763672,14.010000228881836,14.34000015258789,14.34000015258789,15895300
2020-07-31,CCL,14.220000267028809,14.350000381469728,13.720000267028809,13.880000114440918,13.880000114440918,20629700
2020-08-03,CCL,13.479999542236328,13.539999961853027,12.829999923706056,13.06999969482422,13.06999969482422,34967500
2020-08-04,CCL,13.100000381469728,13.989999771118164,13.06999969482422,13.739999771118164,13.739999771118164,24159800
2020-08-05,CCL,14.199999809265137,14.270000457763672,13.670000076293944,14.020000457763672,14.020000457763672,24040900
2020-08-06,CCL,13.449999809265137,14.020000457763672,13.300000190734863,13.779999732971191,13.779999732971191,85130200
2020-08-07,CCL,13.619999885559082,14.31999969482422,13.329999923706056,14.220000267028809,14.220000267028809,36316300
2020-08-10,CCL,14.369999885559082,15.470000267028809,14.34000015258789,15.4399995803833,15.4399995803833,41905600
2020-08-11,CCL,16.489999771118164,16.520000457763672,15.619999885559082,15.81999969482422,15.81999969482422,54167600
2020-08-12,CCL,16.200000762939453,16.229999542236328,14.81999969482422,15.1899995803833,15.1899995803833,35876200
2020-08-13,CCL,15.0,15.75,14.90999984741211,15.220000267028809,15.220000267028809,21416100
2020-08-14,CCL,15.020000457763672,15.720000267028809,14.859999656677246,15.470000267028809,15.470000267028809,20937100
2020-08-17,CCL,15.399999618530272,15.4399995803833,14.68000030517578,14.68000030517578,14.68000030517578,33330600
2020-08-18,CCL,14.68000030517578,14.90999984741211,14.260000228881836,14.40999984741211,14.40999984741211,24744600
2020-08-19,CCL,14.420000076293944,15.170000076293944,14.25,14.600000381469728,14.600000381469728,26620300
2020-08-20,CCL,14.350000381469728,14.720000267028809,14.170000076293944,14.539999961853027,14.539999961853027,19955400
2020-08-21,CCL,14.470000267028809,14.93000030517578,14.4399995803833,14.649999618530272,14.649999618530272,18797400
2020-08-24,CCL,15.020000457763672,16.209999084472656,14.649999618530272,16.139999389648438,16.139999389648438,56417200
2020-08-25,CCL,16.290000915527344,16.389999389648438,15.329999923706056,15.890000343322754,15.890000343322754,38551500
2020-08-26,CCL,15.699999809265137,15.779999732971191,15.1899995803833,15.279999732971191,15.279999732971191,24425200
2020-08-27,CCL,15.670000076293944,16.68000030517578,15.649999618530272,16.1200008392334,16.1200008392334,48079400
2020-08-28,CCL,16.579999923706055,17.34000015258789,16.229999542236328,17.209999084472656,17.209999084472656,51079100
2020-08-31,CCL,17.329999923706055,17.34000015258789,16.469999313354492,16.479999542236328,16.479999542236328,43771700
2020-09-01,CCL,16.09000015258789,16.700000762939453,16.020000457763672,16.510000228881836,16.510000228881836,26417100
2020-09-02,CCL,16.600000381469727,16.770000457763672,16.209999084472656,16.709999084472656,16.709999084472656,20720900
2020-09-03,CCL,17.6200008392334,18.739999771118164,17.100000381469727,17.579999923706055,17.579999923706055,94120100
2020-09-04,CCL,18.39999961853028,18.64999961853028,17.399999618530273,18.530000686645508,18.530000686645508,66539700
2020-09-08,CCL,17.860000610351562,18.920000076293945,17.860000610351562,18.290000915527344,18.290000915527344,46728100
2020-09-09,CCL,18.1299991607666,18.21999931335449,17.260000228881836,17.65999984741211,17.65999984741211,36217900
2020-09-10,CCL,17.799999237060547,18.75,17.799999237060547,17.8799991607666,17.8799991607666,36598300
2020-09-11,CCL,18.239999771118164,18.239999771118164,17.440000534057617,17.690000534057617,17.690000534057617,23899500
2020-09-14,CCL,17.940000534057617,18.1200008392334,17.540000915527344,17.850000381469727,17.850000381469727,25838400
2020-09-15,CCL,17.200000762939453,17.229999542236328,15.850000381469728,15.93000030517578,15.93000030517578,80598100
2020-09-16,CCL,16.100000381469727,16.670000076293945,15.9399995803833,16.459999084472656,16.459999084472656,38270300
2020-09-17,CCL,15.800000190734863,16.510000228881836,15.699999809265137,16.239999771118164,16.239999771118164,30506200
2020-09-18,CCL,15.960000038146973,16.079999923706055,15.06999969482422,15.3100004196167,15.3100004196167,51607600
2020-09-21,CCL,14.75,14.890000343322754,14.0,14.289999961853027,14.289999961853027,42775100
2020-09-22,CCL,14.399999618530272,14.81999969482422,14.18000030517578,14.40999984741211,14.40999984741211,30011100
2020-09-23,CCL,14.550000190734863,15.050000190734863,14.109999656677246,14.130000114440918,14.130000114440918,31255200
2020-09-24,CCL,14.06999969482422,14.170000076293944,13.399999618530272,13.739999771118164,13.739999771118164,32679800
2020-09-25,CCL,14.550000190734863,15.09000015258789,14.170000076293944,15.06999969482422,15.06999969482422,54137400
2020-09-28,CCL,15.539999961853027,15.550000190734863,14.779999732971191,15.3100004196167,15.3100004196167,36759400
2020-09-29,CCL,15.25,15.43000030517578,14.81999969482422,15.06999969482422,15.06999969482422,23215000
2020-09-30,CCL,15.420000076293944,15.960000038146973,15.109999656677246,15.18000030517578,15.18000030517578,44374800
2020-10-01,CCL,15.43000030517578,15.43000030517578,14.699999809265137,15.029999732971191,15.029999732971191,28158400
2020-10-02,CCL,14.260000228881836,15.220000267028809,14.229999542236328,15.15999984741211,15.15999984741211,30936100
2020-10-05,CCL,15.109999656677246,15.229999542236328,14.800000190734863,14.960000038146973,14.960000038146973,22169300
2020-10-06,CCL,15.260000228881836,15.970000267028809,15.119999885559082,15.1899995803833,15.1899995803833,43724300
2020-10-07,CCL,15.479999542236328,16.049999237060547,15.289999961853027,15.989999771118164,15.989999771118164,30265000
2020-10-08,CCL,16.15999984741211,16.170000076293945,15.369999885559082,15.609999656677246,15.609999656677246,40986000
2020-10-09,CCL,15.720000267028809,16.06999969482422,15.539999961853027,15.6899995803833,15.6899995803833,33815700
2020-10-12,CCL,15.449999809265137,15.510000228881836,15.199999809265137,15.210000038146973,15.210000038146973,25968000
2020-10-13,CCL,14.710000038146973,14.829999923706056,13.979999542236328,14.029999732971191,14.029999732971191,49344200
2020-10-14,CCL,14.329999923706056,14.43000030517578,13.90999984741211,13.970000267028809,13.970000267028809,34393700
2020-10-15,CCL,13.720000267028809,14.039999961853027,13.619999885559082,14.020000457763672,14.020000457763672,29283600
2020-10-16,CCL,14.050000190734863,14.329999923706056,13.710000038146973,14.079999923706056,14.079999923706056,39528600
2020-10-19,CCL,14.210000038146973,14.5,13.989999771118164,14.149999618530272,14.149999618530272,28037800
2020-10-20,CCL,14.420000076293944,14.710000038146973,14.229999542236328,14.609999656677246,14.609999656677246,27572800
2020-10-21,CCL,14.600000381469728,14.630000114440918,14.3100004196167,14.479999542236328,14.479999542236328,17538900
2020-10-22,CCL,14.529999732971191,15.239999771118164,14.470000267028809,15.1899995803833,15.1899995803833,32572800
2020-10-23,CCL,15.1899995803833,15.5,15.029999732971191,15.359999656677246,15.359999656677246,25638400
2020-10-26,CCL,14.75,14.829999923706056,13.81999969482422,14.029999732971191,14.029999732971191,49748400
2020-10-27,CCL,14.039999961853027,14.170000076293944,13.729999542236328,13.760000228881836,13.760000228881836,24449800
2020-10-28,CCL,13.239999771118164,13.270000457763672,12.289999961853027,12.300000190734863,12.300000190734863,58953200
2020-10-29,CCL,12.34000015258789,13.09000015258789,12.109999656677246,12.979999542236328,12.979999542236328,31579500
2020-10-30,CCL,12.779999732971191,14.479999542236328,12.619999885559082,13.710000038146973,13.710000038146973,76419100
2020-11-02,CCL,13.489999771118164,13.649999618530272,12.93000030517578,13.550000190734863,13.550000190734863,31928100
2020-11-03,CCL,13.59000015258789,13.979999542236328,13.470000267028809,13.710000038146973,13.710000038146973,26494900
2020-11-04,CCL,13.6899995803833,13.869999885559082,13.260000228881836,13.34000015258789,13.34000015258789,27613000
2020-11-05,CCL,13.529999732971191,14.229999542236328,13.449999809265137,14.18000030517578,14.18000030517578,27600300
2020-11-06,CCL,13.90999984741211,14.140000343322754,13.65999984741211,13.81999969482422,13.81999969482422,19585600
2020-11-09,CCL,18.489999771118164,19.86000061035156,17.709999084472656,19.25,19.25,185304300
2020-11-10,CCL,18.540000915527344,18.670000076293945,16.399999618530273,16.729999542236328,16.729999542236328,119449500
2020-11-11,CCL,16.950000762939453,16.989999771118164,16.079999923706055,16.209999084472656,16.209999084472656,57841400
2020-11-12,CCL,15.640000343322754,15.850000381469728,14.880000114440918,14.93000030517578,14.93000030517578,87592200
2020-11-13,CCL,15.1899995803833,16.200000762939453,14.979999542236328,16.010000228881836,16.010000228881836,159666300
2020-11-16,CCL,17.34000015258789,18.0,16.90999984741211,17.56999969482422,17.56999969482422,112274700
2020-11-17,CCL,17.200000762939453,18.57999992370605,16.940000534057617,18.049999237060547,18.049999237060547,63499700
2020-11-18,CCL,17.540000915527344,18.299999237060547,17.440000534057617,17.59000015258789,17.59000015258789,72257800
2020-11-19,CCL,17.670000076293945,18.25,17.459999084472656,18.190000534057617,18.190000534057617,44098300
2020-11-20,CCL,18.15999984741211,18.280000686645508,17.329999923706055,17.3700008392334,17.3700008392334,52433300
2020-11-23,CCL,17.8700008392334,18.36000061035156,17.6299991607666,18.18000030517578,18.18000030517578,50751300
2020-11-24,CCL,19.38999938964844,20.43000030517578,19.059999465942383,20.229999542236328,20.229999542236328,80233200
2020-11-25,CCL,20.479999542236328,20.89999961853028,19.920000076293945,20.64999961853028,20.64999961853028,60387900
2020-11-27,CCL,21.0,22.25,20.86000061035156,21.57999992370605,21.57999992370605,46919100
2020-11-30,CCL,21.770000457763672,21.770000457763672,19.82999992370605,19.979999542236328,19.979999542236328,86740700
2020-12-01,CCL,20.989999771118164,21.01000022888184,20.049999237060547,20.14999961853028,20.14999961853028,47884200
2020-12-02,CCL,19.809999465942383,21.270000457763672,19.229999542236328,21.15999984741211,21.15999984741211,52282400
2020-12-03,CCL,21.479999542236328,23.5,21.3700008392334,22.8799991607666,22.8799991607666,92899300
2020-12-04,CCL,23.540000915527344,23.709999084472656,22.600000381469727,23.450000762939453,23.450000762939453,65203900
2020-12-07,CCL,23.38999938964844,23.450000762939453,22.700000762939453,23.200000762939453,23.200000762939453,47155000
2020-12-08,CCL,23.01000022888184,23.920000076293945,22.950000762939453,23.56999969482422,23.56999969482422,42765200
2020-12-09,CCL,23.96999931335449,24.3799991607666,21.96999931335449,22.690000534057617,22.690000534057617,66956200
2020-12-10,CCL,22.25,23.06999969482422,22.15999984741211,22.31999969482422,22.31999969482422,50011800
2020-12-11,CCL,22.63999938964844,22.81999969482422,21.280000686645508,21.31999969482422,21.31999969482422,52517400
2020-12-14,CCL,22.31999969482422,22.75,20.93000030517578,20.93000030517578,20.93000030517578,55423500
2020-12-15,CCL,21.21999931335449,21.709999084472656,19.950000762939453,21.530000686645508,21.530000686645508,56761600
2020-12-16,CCL,21.530000686645508,22.209999084472656,21.309999465942383,21.76000022888184,21.76000022888184,35103700
2020-12-17,CCL,21.88999938964844,21.89999961853028,21.309999465942383,21.6299991607666,21.6299991607666,25810800
2020-12-18,CCL,21.61000061035156,21.979999542236328,21.0,21.459999084472656,21.459999084472656,68420700
2020-12-21,CCL,20.21999931335449,21.299999237060547,20.030000686645508,21.059999465942383,21.059999465942383,51476700
2020-12-22,CCL,21.06999969482422,21.26000022888184,19.75,19.809999465942383,19.809999465942383,39933700
2020-12-23,CCL,20.1200008392334,21.07999992370605,20.030000686645508,20.940000534057617,20.940000534057617,31385200
2020-12-24,CCL,20.979999542236328,21.07999992370605,20.43000030517578,20.84000015258789,20.84000015258789,14819300
2020-12-28,CCL,21.309999465942383,22.049999237060547,21.020000457763672,21.709999084472656,21.709999084472656,33112800
2020-12-29,CCL,22.21999931335449,22.270000457763672,21.36000061035156,21.43000030517578,21.43000030517578,26851200
2020-12-30,CCL,21.520000457763672,22.09000015258789,21.3799991607666,21.790000915527344,21.790000915527344,23606400
2020-12-31,CCL,21.6200008392334,21.790000915527344,20.89999961853028,21.65999984741211,21.65999984741211,25679300
2021-01-04,CCL,21.700000762939453,21.709999084472656,20.040000915527344,20.3799991607666,20.3799991607666,40642500
2021-01-05,CCL,20.18000030517578,20.850000381469727,20.14999961853028,20.600000381469727,20.600000381469727,32464400
2021-01-06,CCL,20.540000915527344,20.920000076293945,20.15999984741211,20.39999961853028,20.39999961853028,35295900
2021-01-07,CCL,20.479999542236328,21.280000686645508,20.46999931335449,20.739999771118164,20.739999771118164,28989000
2021-01-08,CCL,20.8700008392334,21.020000457763672,20.18000030517578,20.46999931335449,20.46999931335449,30370000
2021-01-11,CCL,20.170000076293945,20.440000534057617,19.6299991607666,20.13999938964844,20.13999938964844,31213700
2021-01-12,CCL,20.049999237060547,20.13999938964844,19.61000061035156,20.1299991607666,20.1299991607666,33169500
2021-01-13,CCL,19.86000061035156,20.200000762939453,19.68000030517578,20.100000381469727,20.100000381469727,24791400
2021-01-14,CCL,20.459999084472656,21.549999237060547,20.450000762939453,20.920000076293945,20.920000076293945,46177600
2021-01-15,CCL,20.780000686645508,21.39999961853028,20.56999969482422,20.790000915527344,20.790000915527344,33762400
2021-01-19,CCL,21.0,21.26000022888184,20.61000061035156,20.8700008392334,20.8700008392334,21273500
2021-01-20,CCL,21.01000022888184,21.209999084472656,20.59000015258789,20.780000686645508,20.780000686645508,21272500
2021-01-21,CCL,20.700000762939453,20.8799991607666,20.31999969482422,20.739999771118164,20.739999771118164,20209300
2021-01-22,CCL,20.309999465942383,20.43000030517578,20.040000915527344,20.21999931335449,20.21999931335449,24748800
2021-01-25,CCL,19.799999237060547,19.809999465942383,18.729999542236328,19.21999931335449,19.21999931335449,55839500
2021-01-26,CCL,19.39999961853028,19.51000022888184,18.6200008392334,18.71999931335449,18.71999931335449,44110700
2021-01-27,CCL,18.40999984741211,19.420000076293945,17.959999084472656,18.979999542236328,18.979999542236328,50578900
2021-01-28,CCL,20.100000381469727,20.670000076293945,19.65999984741211,19.739999771118164,19.739999771118164,59670200
2021-01-29,CCL,19.700000762939453,19.809999465942383,18.3799991607666,18.670000076293945,18.670000076293945,50346100
2021-02-01,CCL,18.959999084472656,19.1299991607666,18.40999984741211,18.799999237060547,18.799999237060547,27139000
2021-02-02,CCL,19.21999931335449,19.600000381469727,18.979999542236328,19.450000762939453,19.450000762939453,27697100
2021-02-03,CCL,19.6299991607666,20.489999771118164,19.440000534057617,20.440000534057617,20.440000534057617,33548800
2021-02-04,CCL,21.0,21.32999992370605,20.65999984741211,21.049999237060547,21.049999237060547,32541100
2021-02-05,CCL,21.38999938964844,21.75,21.1299991607666,21.309999465942383,21.309999465942383,29887300
2021-02-08,CCL,21.600000381469727,21.809999465942383,21.25,21.61000061035156,21.61000061035156,22166600
2021-02-09,CCL,21.420000076293945,21.420000076293945,20.68000030517578,21.049999237060547,21.049999237060547,26144100
2021-02-10,CCL,21.14999961853028,21.64999961853028,20.8700008392334,20.93000030517578,20.93000030517578,27930900
2021-02-11,CCL,20.89999961853028,21.1299991607666,20.459999084472656,20.71999931335449,20.71999931335449,22698400
2021-02-12,CCL,20.100000381469727,20.82999992370605,20.049999237060547,20.600000381469727,20.600000381469727,25063700
2021-02-16,CCL,21.15999984741211,22.559999465942383,20.959999084472656,22.46999931335449,22.46999931335449,55038100
2021-02-17,CCL,22.280000686645508,24.059999465942383,21.8799991607666,23.200000762939453,23.200000762939453,59742500
2021-02-18,CCL,22.96999931335449,23.14999961853028,22.3799991607666,22.88999938964844,22.88999938964844,26606400
2021-02-19,CCL,23.6200008392334,24.71999931335449,23.479999542236328,24.59000015258789,24.59000015258789,52483300
2021-02-22,CCL,25.13999938964844,27.32999992370605,24.64999961853028,25.96999931335449,25.96999931335449,87361900
2021-02-23,CCL,25.07999992370605,26.729999542236328,23.459999084472656,26.459999084472656,26.459999084472656,115819500
2021-02-24,CCL,27.09000015258789,28.18000030517578,26.729999542236328,27.01000022888184,27.01000022888184,92985300
2021-02-25,CCL,27.90999984741211,28.239999771118164,25.06999969482422,25.46999931335449,25.46999931335449,71020500
2021-02-26,CCL,25.88999938964844,26.86000061035156,25.270000457763672,26.75,26.75,58092900
2021-03-01,CCL,27.549999237060547,27.920000076293945,26.020000457763672,26.309999465942383,26.309999465942383,59643100
2021-03-02,CCL,26.90999984741211,27.850000381469727,26.540000915527344,27.59000015258789,27.59000015258789,49295000
2021-03-03,CCL,28.450000762939453,29.59000015258789,28.18000030517578,28.670000076293945,28.670000076293945,71576000
2021-03-04,CCL,29.09000015258789,29.43000030517578,26.229999542236328,27.39999961853028,27.39999961853028,74016500
2021-03-05,CCL,27.11000061035156,27.15999984741211,23.26000022888184,26.09000015258789,26.09000015258789,83747400
2021-03-08,CCL,27.040000915527344,27.270000457763672,25.799999237060547,26.690000534057617,26.690000534057617,48007700
2021-03-09,CCL,26.989999771118164,27.850000381469727,25.799999237060547,27.57999992370605,27.57999992370605,42549100
2021-03-10,CCL,27.39999961853028,28.420000076293945,26.670000076293945,26.700000762939453,26.700000762939453,41997600
2021-03-11,CCL,27.020000457763672,27.770000457763672,26.479999542236328,27.46999931335449,27.46999931335449,33297300
2021-03-12,CCL,27.3799991607666,28.5,27.290000915527344,28.459999084472656,28.459999084472656,32490600
2021-03-15,CCL,28.979999542236328,30.1200008392334,28.89999961853028,29.790000915527344,29.790000915527344,53480800
2021-03-16,CCL,29.950000762939453,29.979999542236328,27.850000381469727,28.25,28.25,51042700
2021-03-17,CCL,28.14999961853028,28.950000762939453,27.81999969482422,28.93000030517578,28.93000030517578,30463300
2021-03-18,CCL,29.489999771118164,29.739999771118164,28.020000457763672,28.270000457763672,28.270000457763672,46998200
2021-03-19,CCL,28.479999542236328,29.09000015258789,27.1299991607666,28.959999084472656,28.959999084472656,41506400
2021-03-22,CCL,28.309999465942383,28.46999931335449,27.350000381469727,27.479999542236328,27.479999542236328,33792000
2021-03-23,CCL,27.0,27.34000015258789,25.18000030517578,25.32999992370605,25.32999992370605,51242200
2021-03-24,CCL,26.25,27.3700008392334,24.14999961853028,24.850000381469727,24.850000381469727,72339100
2021-03-25,CCL,23.90999984741211,26.040000915527344,23.71999931335449,25.850000381469727,25.850000381469727,47085000
2021-03-26,CCL,26.25,26.51000022888184,25.209999084472656,26.059999465942383,26.059999465942383,28542000
2021-03-29,CCL,26.049999237060547,26.13999938964844,25.25,25.6299991607666,25.6299991607666,19988900
2021-03-30,CCL,25.700000762939453,26.82999992370605,25.65999984741211,26.64999961853028,26.64999961853028,23735600
2021-03-31,CCL,26.57999992370605,26.799999237060547,25.90999984741211,26.540000915527344,26.540000915527344,21560400
2021-04-01,CCL,26.989999771118164,27.100000381469727,26.530000686645508,26.86000061035156,26.86000061035156,19640300
2021-04-05,CCL,27.799999237060547,28.729999542236328,27.690000534057617,28.11000061035156,28.11000061035156,40105700
2021-04-06,CCL,28.170000076293945,29.09000015258789,27.850000381469727,28.600000381469727,28.600000381469727,35528100
2021-04-07,CCL,29.420000076293945,30.6299991607666,28.8700008392334,29.0,29.0,70953700
2021-04-08,CCL,29.1299991607666,29.1299991607666,27.81999969482422,28.559999465942383,28.559999465942383,37870800
2021-04-09,CCL,28.799999237060547,29.57999992370605,28.489999771118164,29.299999237060547,29.299999237060547,36287700
2021-04-12,CCL,28.89999961853028,29.07999992370605,27.479999542236328,27.75,27.75,39161600
2021-04-13,CCL,27.11000061035156,27.940000534057617,26.729999542236328,27.81999969482422,27.81999969482422,27690600
2021-04-14,CCL,28.01000022888184,28.75,27.850000381469727,27.940000534057617,27.940000534057617,23267500
2021-04-15,CCL,28.18000030517578,28.200000762939453,27.1200008392334,27.31999969482422,27.31999969482422,24024400
2021-04-16,CCL,27.530000686645508,27.790000915527344,26.81999969482422,27.030000686645508,27.030000686645508,22092400
2021-04-19,CCL,27.100000381469727,27.270000457763672,26.38999938964844,26.88999938964844,26.88999938964844,22214500
2021-04-20,CCL,26.479999542236328,26.51000022888184,25.1200008392334,25.71999931335449,25.71999931335449,31217000
2021-04-21,CCL,25.64999961853028,27.350000381469727,25.25,27.32999992370605,27.32999992370605,31354100
2021-04-22,CCL,26.96999931335449,27.89999961853028,26.770000457763672,26.90999984741211,26.90999984741211,29698400
2021-04-23,CCL,27.0,27.40999984741211,26.56999969482422,27.270000457763672,27.270000457763672,19297600
2021-04-26,CCL,27.81999969482422,28.5,27.309999465942383,27.549999237060547,27.549999237060547,20033500
2021-04-27,CCL,27.59000015258789,27.8799991607666,27.13999938964844,27.809999465942383,27.809999465942383,18145200
2021-04-28,CCL,27.700000762939453,28.270000457763672,27.56999969482422,27.799999237060547,27.799999237060547,17273000
2021-04-29,CCL,28.790000915527344,29.13999938964844,27.1299991607666,27.209999084472656,27.209999084472656,40714900
2021-04-30,CCL,27.0,28.01000022888184,26.8700008392334,27.959999084472656,27.959999084472656,21653500
2021-05-03,CCL,28.020000457763672,28.36000061035156,27.530000686645508,27.93000030517578,27.93000030517578,21866600
2021-05-04,CCL,27.479999542236328,27.559999465942383,26.200000762939453,26.68000030517578,26.68000030517578,33649300
2021-05-05,CCL,26.81999969482422,27.309999465942383,26.3700008392334,26.520000457763672,26.520000457763672,25678100
2021-05-06,CCL,26.479999542236328,26.82999992370605,25.520000457763672,25.950000762939453,25.950000762939453,25871400
2021-05-07,CCL,25.989999771118164,26.86000061035156,25.8799991607666,26.76000022888184,26.76000022888184,20185500
2021-05-10,CCL,26.82999992370605,26.82999992370605,26.229999542236328,26.270000457763672,26.270000457763672,18093900
2021-05-11,CCL,25.32999992370605,26.1200008392334,25.09000015258789,25.8799991607666,25.8799991607666,28145500
2021-05-12,CCL,25.5,25.84000015258789,24.68000030517578,24.780000686645508,24.780000686645508,24001500
2021-05-13,CCL,24.959999084472656,25.600000381469727,24.290000915527344,25.1200008392334,25.1200008392334,28167000
2021-05-14,CCL,25.530000686645508,27.26000022888184,25.51000022888184,27.200000762939453,27.200000762939453,35569900
2021-05-17,CCL,27.299999237060547,27.600000381469727,26.790000915527344,27.520000457763672,27.520000457763672,29753400
2021-05-18,CCL,27.64999961853028,28.6200008392334,27.420000076293945,28.0,28.0,33424800
2021-05-19,CCL,27.01000022888184,27.799999237060547,26.739999771118164,27.68000030517578,27.68000030517578,26292100
2021-05-20,CCL,27.64999961853028,27.68000030517578,26.959999084472656,27.530000686645508,27.530000686645508,24022300
2021-05-21,CCL,27.88999938964844,28.040000915527344,27.15999984741211,27.170000076293945,27.170000076293945,20551500
2021-05-24,CCL,27.3799991607666,28.14999961853028,26.89999961853028,27.89999961853028,27.89999961853028,26473300
2021-05-25,CCL,28.25,29.3700008392334,28.229999542236328,28.57999992370605,28.57999992370605,38680700
2021-05-26,CCL,28.84000015258789,29.420000076293945,28.6299991607666,29.3700008392334,29.3700008392334,24530200
2021-05-27,CCL,29.56999969482422,30.0,29.21999931335449,30.0,30.0,30294500
2021-05-28,CCL,29.959999084472656,30.06999969482422,29.40999984741211,29.559999465942383,29.559999465942383,25635800
2021-06-01,CCL,30.190000534057617,30.75,29.90999984741211,30.14999961853028,30.14999961853028,36826700
2021-06-02,CCL,30.309999465942383,31.5,29.93000030517578,31.309999465942383,31.309999465942383,36078200
2021-06-03,CCL,31.13999938964844,31.299999237060547,30.350000381469727,30.670000076293945,30.670000076293945,24269800
2021-06-04,CCL,30.920000076293945,31.11000061035156,30.25,30.540000915527344,30.540000915527344,19384100
2021-06-07,CCL,30.75,31.459999084472656,30.64999961853028,30.88999938964844,30.88999938964844,24165700
2021-06-08,CCL,31.11000061035156,31.520000457763672,30.61000061035156,31.07999992370605,31.07999992370605,25061900
2021-06-09,CCL,31.299999237060547,31.350000381469727,30.43000030517578,30.450000762939453,30.450000762939453,18447300
2021-06-10,CCL,30.63999938964844,30.770000457763672,29.40999984741211,29.82999992370605,29.82999992370605,30486500
2021-06-11,CCL,29.5,30.040000915527344,29.290000915527344,29.93000030517578,29.93000030517578,20215000
2021-06-14,CCL,29.8700008392334,29.979999542236328,28.6299991607666,28.75,28.75,24538300
2021-06-15,CCL,28.81999969482422,29.38999938964844,28.40999984741211,28.61000061035156,28.61000061035156,19070900
2021-06-16,CCL,28.979999542236328,29.489999771118164,28.690000534057617,29.280000686645508,29.280000686645508,25453900
2021-06-17,CCL,29.200000762939453,29.71999931335449,28.40999984741211,28.420000076293945,28.420000076293945,26049300
2021-06-18,CCL,28.1200008392334,28.520000457763672,27.729999542236328,28.18000030517578,28.18000030517578,26749900
2021-06-21,CCL,28.299999237060547,28.700000762939453,27.90999984741211,28.670000076293945,28.670000076293945,21897600
2021-06-22,CCL,28.64999961853028,28.690000534057617,27.799999237060547,28.059999465942383,28.059999465942383,18403400
2021-06-23,CCL,28.11000061035156,28.489999771118164,28.020000457763672,28.14999961853028,28.14999961853028,17916700
2021-06-24,CCL,28.1299991607666,28.540000915527344,27.38999938964844,27.459999084472656,27.459999084472656,31193600
2021-06-25,CCL,27.530000686645508,28.229999542236328,27.520000457763672,28.1299991607666,28.1299991607666,31580700
2021-06-28,CCL,27.420000076293945,27.530000686645508,26.0,26.14999961853028,26.14999961853028,63786300
2021-06-29,CCL,26.15999984741211,26.489999771118164,25.76000022888184,25.780000686645508,25.780000686645508,33185800
2021-06-30,CCL,25.790000915527344,26.479999542236328,25.690000534057617,26.36000061035156,26.36000061035156,22820200
2021-07-01,CCL,26.59000015258789,26.850000381469727,26.1200008392334,26.36000061035156,26.36000061035156,19363500
2021-07-02,CCL,26.26000022888184,26.299999237060547,25.700000762939453,26.059999465942383,26.059999465942383,20454000
2021-07-06,CCL,26.07999992370605,26.280000686645508,24.93000030517578,25.020000457763672,25.020000457763672,30647200
2021-07-07,CCL,24.86000061035156,25.290000915527344,23.8700008392334,24.07999992370605,24.07999992370605,36383500
2021-07-08,CCL,23.13999938964844,24.15999984741211,22.84000015258789,23.71999931335449,23.71999931335449,37066500
2021-07-09,CCL,24.06999969482422,24.34000015258789,23.6200008392334,24.26000022888184,24.26000022888184,23124400
2021-07-12,CCL,23.96999931335449,24.01000022888184,23.559999465942383,23.86000061035156,23.86000061035156,23022800
2021-07-13,CCL,23.559999465942383,23.559999465942383,22.81999969482422,22.850000381469727,22.850000381469727,27175500
2021-07-14,CCL,23.01000022888184,23.36000061035156,22.479999542236328,22.57999992370605,22.57999992370605,26614200
2021-07-15,CCL,22.299999237060547,22.459999084472656,21.3700008392334,21.950000762939453,21.950000762939453,43232200
2021-07-16,CCL,22.26000022888184,22.36000061035156,20.799999237060547,20.920000076293945,20.920000076293945,41516000
2021-07-19,CCL,19.71999931335449,20.299999237060547,19.190000534057617,19.71999931335449,19.71999931335449,85011700
2021-07-20,CCL,19.920000076293945,21.3799991607666,19.6200008392334,21.190000534057617,21.190000534057617,68222400
2021-07-21,CCL,21.739999771118164,23.36000061035156,21.670000076293945,23.190000534057617,23.190000534057617,76771400
2021-07-22,CCL,22.76000022888184,22.8799991607666,22.190000534057617,22.709999084472656,22.709999084472656,40877000
2021-07-23,CCL,22.709999084472656,22.799999237060547,21.88999938964844,21.959999084472656,21.959999084472656,32632400
2021-07-26,CCL,21.75,23.200000762939453,21.709999084472656,23.15999984741211,23.15999984741211,37050500
2021-07-27,CCL,22.950000762939453,23.32999992370605,22.489999771118164,22.799999237060547,22.799999237060547,26484800
2021-07-28,CCL,23.190000534057617,23.38999938964844,22.200000762939453,22.81999969482422,22.81999969482422,27108200
2021-07-29,CCL,23.07999992370605,23.34000015258789,22.700000762939453,22.709999084472656,22.709999084472656,26426800
2021-07-30,CCL,22.21999931335449,22.68000030517578,21.489999771118164,21.64999961853028,21.64999961853028,36760800
2021-08-02,CCL,21.82999992370605,22.559999465942383,21.36000061035156,21.459999084472656,21.459999084472656,34093900
2021-08-03,CCL,21.56999969482422,21.600000381469727,20.520000457763672,21.43000030517578,21.43000030517578,33254000
2021-08-04,CCL,21.06999969482422,21.690000534057617,20.81999969482422,21.040000915527344,21.040000915527344,33239400
2021-08-05,CCL,21.15999984741211,22.64999961853028,21.13999938964844,22.549999237060547,22.549999237060547,32938000
2021-08-06,CCL,22.850000381469727,23.100000381469727,22.40999984741211,23.07999992370605,23.07999992370605,30680700
2021-08-09,CCL,22.8700008392334,22.8700008392334,21.989999771118164,22.709999084472656,22.709999084472656,29949200
2021-08-10,CCL,22.81999969482422,23.850000381469727,22.71999931335449,23.64999961853028,23.64999961853028,34886200
2021-08-11,CCL,23.59000015258789,24.01000022888184,23.06999969482422,23.989999771118164,23.989999771118164,29487300
2021-08-12,CCL,23.780000686645508,23.8799991607666,22.959999084472656,23.36000061035156,23.36000061035156,29141100
2021-08-13,CCL,23.299999237060547,23.3799991607666,22.739999771118164,22.86000061035156,22.86000061035156,21235800
2021-08-16,CCL,22.43000030517578,22.93000030517578,21.940000534057617,22.790000915527344,22.790000915527344,25770200
2021-08-17,CCL,22.239999771118164,22.5,21.65999984741211,22.040000915527344,22.040000915527344,26331800
2021-08-18,CCL,22.020000457763672,22.979999542236328,21.68000030517578,22.479999542236328,22.479999542236328,31060700
2021-08-19,CCL,22.0,22.270000457763672,21.34000015258789,21.65999984741211,21.65999984741211,27943900
2021-08-20,CCL,21.51000022888184,22.020000457763672,21.32999992370605,21.959999084472656,21.959999084472656,22632800
2021-08-23,CCL,22.26000022888184,22.989999771118164,22.239999771118164,22.82999992370605,22.82999992370605,23992000
2021-08-24,CCL,23.239999771118164,24.06999969482422,23.200000762939453,23.84000015258789,23.84000015258789,32814300
2021-08-25,CCL,23.979999542236328,24.31999969482422,23.40999984741211,24.11000061035156,24.11000061035156,30576000
2021-08-26,CCL,23.82999992370605,24.31999969482422,23.239999771118164,23.46999931335449,23.46999931335449,28762800
2021-08-27,CCL,23.56999969482422,24.56999969482422,23.540000915527344,24.350000381469727,24.350000381469727,36693800
2021-08-30,CCL,24.6299991607666,24.63999938964844,23.600000381469727,23.6299991607666,23.6299991607666,27629300
2021-08-31,CCL,23.530000686645508,24.190000534057617,23.5,24.13999938964844,24.13999938964844,28512600
2021-09-01,CCL,24.21999931335449,24.420000076293945,23.309999465942383,23.51000022888184,23.51000022888184,31875000
2021-09-02,CCL,23.57999992370605,24.46999931335449,23.1200008392334,24.020000457763672,24.020000457763672,36546600
2021-09-03,CCL,23.920000076293945,24.14999961853028,22.63999938964844,22.959999084472656,22.959999084472656,44194500
2021-09-07,CCL,22.700000762939453,23.600000381469727,22.559999465942383,23.559999465942383,23.559999465942383,33580100
2021-09-08,CCL,23.56999969482422,23.809999465942383,22.76000022888184,22.780000686645508,22.780000686645508,24700600
2021-09-09,CCL,22.770000457763672,23.71999931335449,22.6200008392334,23.280000686645508,23.280000686645508,27193100
2021-09-10,CCL,23.39999961853028,23.5,22.71999931335449,22.75,22.75,25471400
2021-09-13,CCL,23.030000686645508,23.479999542236328,22.239999771118164,23.309999465942383,23.309999465942383,36359500
2021-09-14,CCL,23.200000762939453,23.5,22.700000762939453,22.86000061035156,22.86000061035156,24577500
2021-09-15,CCL,22.75,23.18000030517578,22.36000061035156,23.170000076293945,23.170000076293945,21566100
2021-09-16,CCL,23.11000061035156,23.43000030517578,22.920000076293945,23.09000015258789,23.09000015258789,19305700
2021-09-17,CCL,23.209999084472656,23.84000015258789,23.13999938964844,23.549999237060547,23.549999237060547,33586000
2021-09-20,CCL,23.18000030517578,23.39999961853028,22.6200008392334,23.239999771118164,23.239999771118164,32162300
2021-09-21,CCL,23.43000030517578,23.690000534057617,22.86000061035156,22.959999084472656,22.959999084472656,25614500
2021-09-22,CCL,23.170000076293945,23.93000030517578,23.170000076293945,23.61000061035156,23.61000061035156,32222300
2021-09-23,CCL,24.01000022888184,25.059999465942383,23.89999961853028,24.690000534057617,24.690000534057617,48872400
2021-09-24,CCL,24.799999237060547,25.950000762939453,24.600000381469727,25.440000534057617,25.440000534057617,48644500
2021-09-27,CCL,25.959999084472656,27.38999938964844,25.920000076293945,26.3799991607666,26.3799991607666,58020600
2021-09-28,CCL,26.440000534057617,26.989999771118164,26.11000061035156,26.170000076293945,26.170000076293945,34642300
2021-09-29,CCL,26.459999084472656,26.489999771118164,25.479999542236328,25.520000457763672,25.520000457763672,27404000
2021-09-30,CCL,25.440000534057617,25.51000022888184,24.729999542236328,25.01000022888184,25.01000022888184,28685100
2021-10-01,CCL,26.06999969482422,26.56999969482422,25.670000076293945,26.09000015258789,26.09000015258789,36843200
2021-10-04,CCL,26.200000762939453,26.420000076293945,25.239999771118164,25.34000015258789,25.34000015258789,33448100
2021-10-05,CCL,25.530000686645508,26.01000022888184,25.270000457763672,25.420000076293945,25.420000076293945,26161500
2021-10-06,CCL,25.020000457763672,25.13999938964844,24.36000061035156,24.89999961853028,24.89999961853028,36943300
2021-10-07,CCL,25.21999931335449,25.280000686645508,24.39999961853028,24.489999771118164,24.489999771118164,26234900
2021-10-08,CCL,24.540000915527344,24.700000762939453,23.76000022888184,23.82999992370605,23.82999992370605,32061800
2021-10-11,CCL,23.709999084472656,24.440000534057617,23.420000076293945,23.8799991607666,23.8799991607666,26631100
2021-10-12,CCL,23.940000534057617,24.3700008392334,23.809999465942383,24.32999992370605,24.32999992370605,25818400
2021-10-13,CCL,24.39999961853028,24.39999961853028,23.61000061035156,23.64999961853028,23.64999961853028,28606200
2021-10-14,CCL,23.940000534057617,24.0,23.57999992370605,23.729999542236328,23.729999542236328,19413900
2021-10-15,CCL,24.059999465942383,24.420000076293945,23.6299991607666,23.670000076293945,23.670000076293945,22362900
2021-10-18,CCL,23.450000762939453,23.600000381469727,22.81999969482422,23.1299991607666,23.1299991607666,37062300
2021-10-19,CCL,23.059999465942383,23.059999465942383,22.270000457763672,22.34000015258789,22.34000015258789,50814000
2021-10-20,CCL,22.36000061035156,22.770000457763672,22.13999938964844,22.440000534057617,22.440000534057617,27014600
2021-10-21,CCL,22.51000022888184,22.89999961853028,22.21999931335449,22.32999992370605,22.32999992370605,26812500
2021-10-22,CCL,22.200000762939453,22.34000015258789,21.850000381469727,22.290000915527344,22.290000915527344,29155700
2021-10-25,CCL,21.790000915527344,22.170000076293945,21.71999931335449,22.049999237060547,22.049999237060547,26140400
2021-10-26,CCL,22.170000076293945,22.46999931335449,21.65999984741211,21.81999969482422,21.81999969482422,25617900
2021-10-27,CCL,21.89999961853028,22.0,21.61000061035156,21.63999938964844,21.63999938964844,20827900
2021-10-28,CCL,21.63999938964844,22.07999992370605,21.309999465942383,21.96999931335449,21.96999931335449,23048700
2021-10-29,CCL,21.8799991607666,22.46999931335449,21.770000457763672,22.15999984741211,22.15999984741211,26720300
2021-11-01,CCL,22.299999237060547,23.100000381469727,22.01000022888184,23.06999969482422,23.06999969482422,27315500
2021-11-02,CCL,22.979999542236328,23.06999969482422,22.549999237060547,22.90999984741211,22.90999984741211,21579400
2021-11-03,CCL,22.709999084472656,23.32999992370605,22.56999969482422,23.170000076293945,23.170000076293945,23001300
2021-11-04,CCL,23.32999992370605,23.489999771118164,22.729999542236328,22.8799991607666,22.8799991607666,20186900
2021-11-05,CCL,24.39999961853028,25.290000915527344,24.100000381469727,24.790000915527344,24.790000915527344,67588300
2021-11-08,CCL,24.88999938964844,25.06999969482422,24.450000762939453,24.59000015258789,24.59000015258789,33083000
2021-11-09,CCL,24.5,24.540000915527344,23.709999084472656,24.170000076293945,24.170000076293945,22673500
2021-11-10,CCL,23.729999542236328,24.34000015258789,23.309999465942383,23.489999771118164,23.489999771118164,21338300
2021-11-11,CCL,23.34000015258789,23.6299991607666,22.96999931335449,23.020000457763672,23.020000457763672,19703700
2021-11-12,CCL,22.950000762939453,22.950000762939453,22.059999465942383,22.36000061035156,22.36000061035156,37320300
2021-11-15,CCL,22.51000022888184,22.71999931335449,22.13999938964844,22.299999237060547,22.299999237060547,22519600
2021-11-16,CCL,22.13999938964844,22.13999938964844,21.32999992370605,21.59000015258789,21.59000015258789,40285700
2021-11-17,CCL,21.670000076293945,21.850000381469727,20.979999542236328,21.32999992370605,21.32999992370605,30081600
2021-11-18,CCL,21.450000762939453,21.57999992370605,20.56999969482422,20.950000762939453,20.950000762939453,26850800
2021-11-19,CCL,20.36000061035156,20.89999961853028,19.86000061035156,20.489999771118164,20.489999771118164,49148700
2021-11-22,CCL,20.5,20.90999984741211,20.14999961853028,20.32999992370605,20.32999992370605,29802700
2021-11-23,CCL,20.540000915527344,20.82999992370605,20.01000022888184,20.14999961853028,20.14999961853028,26273500
2021-11-24,CCL,19.959999084472656,20.64999961853028,19.76000022888184,20.15999984741211,20.15999984741211,30483200
2021-11-26,CCL,18.06999969482422,18.280000686645508,17.200000762939453,17.950000762939453,17.950000762939453,84158400
2021-11-29,CCL,18.809999465942383,19.239999771118164,17.690000534057617,18.15999984741211,18.15999984741211,58061500
2021-11-30,CCL,17.790000915527344,17.899999618530273,17.110000610351562,17.6200008392334,17.6200008392334,60131100
2021-12-01,CCL,18.1200008392334,18.489999771118164,16.31999969482422,16.3799991607666,16.3799991607666,82486400
2021-12-02,CCL,16.729999542236328,17.989999771118164,16.350000381469727,17.889999389648438,17.889999389648438,76746800
2021-12-03,CCL,17.780000686645508,17.799999237060547,16.84000015258789,17.200000762939453,17.200000762939453,59329100
2021-12-06,CCL,17.559999465942383,19.190000534057617,17.399999618530273,18.59000015258789,18.59000015258789,78131600
2021-12-07,CCL,18.979999542236328,19.280000686645508,18.31999969482422,18.5,18.5,62779400
2021-12-08,CCL,18.700000762939453,20.040000915527344,18.540000915527344,19.520000457763672,19.520000457763672,69762100
2021-12-09,CCL,19.020000457763672,19.600000381469727,18.88999938964844,19.190000534057617,19.190000534057617,38179500
2021-12-10,CCL,19.18000030517578,19.36000061035156,18.68000030517578,19.280000686645508,19.280000686645508,33181500
2021-12-13,CCL,18.68000030517578,18.850000381469727,17.90999984741211,18.34000015258789,18.34000015258789,39686300
2021-12-14,CCL,18.020000457763672,18.84000015258789,18.010000228881836,18.14999961853028,18.14999961853028,38288200
2021-12-15,CCL,17.989999771118164,18.07999992370605,17.239999771118164,17.889999389648438,17.889999389648438,45971600
2021-12-16,CCL,18.0,18.25,17.450000762939453,17.56999969482422,17.56999969482422,45611100
2021-12-17,CCL,17.700000762939453,18.46999931335449,17.40999984741211,18.280000686645508,18.280000686645508,48588400
2021-12-20,CCL,17.670000076293945,19.290000915527344,17.610000610351562,18.89999961853028,18.89999961853028,59262500
2021-12-21,CCL,19.32999992370605,20.729999542236328,19.26000022888184,20.540000915527344,20.540000915527344,69186200
2021-12-22,CCL,20.549999237060547,21.5,20.030000686645508,21.25,21.25,62921900
2021-12-23,CCL,21.540000915527344,21.780000686645508,20.8799991607666,21.200000762939453,21.200000762939453,39191000
2021-12-27,CCL,20.34000015258789,21.1299991607666,20.030000686645508,20.950000762939453,20.950000762939453,37286800
2021-12-28,CCL,20.63999938964844,21.799999237060547,20.51000022888184,20.89999961853028,20.89999961853028,39749600
2021-12-29,CCL,20.65999984741211,20.89999961853028,20.280000686645508,20.790000915527344,20.790000915527344,30313700
2021-12-30,CCL,20.76000022888184,21.51000022888184,20.270000457763672,20.530000686645508,20.530000686645508,49120200
2021-12-31,CCL,20.51000022888184,20.770000457763672,20.020000457763672,20.1200008392334,20.1200008392334,29363700
2022-01-03,CCL,20.559999465942383,21.739999771118164,20.43000030517578,21.40999984741211,21.40999984741211,38836800
2022-01-04,CCL,22.059999465942383,22.3799991607666,21.51000022888184,21.729999542236328,21.729999542236328,44776400
2022-01-05,CCL,21.790000915527344,22.170000076293945,21.059999465942383,21.170000076293945,21.170000076293945,31833200
2022-01-06,CCL,21.6200008392334,21.989999771118164,21.020000457763672,21.06999969482422,21.06999969482422,31459900
2022-01-07,CCL,21.350000381469727,22.290000915527344,21.1200008392334,21.89999961853028,21.89999961853028,37140600
2022-01-10,CCL,22.0,22.1299991607666,20.959999084472656,21.39999961853028,21.39999961853028,32828800
2022-01-11,CCL,21.3799991607666,22.21999931335449,21.11000061035156,21.979999542236328,21.979999542236328,29608000
2022-01-12,CCL,22.18000030517578,22.459999084472656,21.799999237060547,22.309999465942383,22.309999465942383,33645000
2022-01-13,CCL,22.420000076293945,23.299999237060547,22.3700008392334,22.89999961853028,22.89999961853028,43271400
2022-01-14,CCL,22.600000381469727,22.950000762939453,22.270000457763672,22.950000762939453,22.950000762939453,28270800
2022-01-18,CCL,22.520000457763672,22.76000022888184,21.90999984741211,21.979999542236328,21.979999542236328,29779000
2022-01-19,CCL,21.93000030517578,21.959999084472656,21.18000030517578,21.21999931335449,21.21999931335449,27894500
2022-01-20,CCL,21.309999465942383,21.979999542236328,20.729999542236328,20.799999237060547,20.799999237060547,25457800
2022-01-21,CCL,20.68000030517578,20.690000534057617,19.780000686645508,19.989999771118164,19.989999771118164,41314300
2022-01-24,CCL,19.07999992370605,19.76000022888184,18.25,19.739999771118164,19.739999771118164,52166800
2022-01-25,CCL,19.25,20.39999961853028,19.09000015258789,20.200000762939453,20.200000762939453,36484500
2022-01-26,CCL,20.540000915527344,21.100000381469727,20.040000915527344,20.290000915527344,20.290000915527344,40706400
2022-01-27,CCL,20.459999084472656,20.709999084472656,18.940000534057617,19.11000061035156,19.11000061035156,42718200
2022-01-28,CCL,19.200000762939453,19.280000686645508,18.280000686645508,18.96999931335449,18.96999931335449,50152500
2022-01-31,CCL,18.780000686645508,19.8700008392334,18.14999961853028,19.809999465942383,19.809999465942383,50989300
2022-02-01,CCL,19.950000762939453,21.06999969482422,19.86000061035156,20.93000030517578,20.93000030517578,38953800
2022-02-02,CCL,20.71999931335449,21.239999771118164,20.43000030517578,20.850000381469727,20.850000381469727,30717600
2022-02-03,CCL,20.530000686645508,20.959999084472656,20.32999992370605,20.34000015258789,20.34000015258789,27585900
2022-02-04,CCL,20.020000457763672,20.239999771118164,19.559999465942383,19.959999084472656,19.959999084472656,33287000
2022-02-07,CCL,20.13999938964844,21.739999771118164,20.11000061035156,21.520000457763672,21.520000457763672,41055700
2022-02-08,CCL,21.71999931335449,22.57999992370605,21.46999931335449,22.549999237060547,22.549999237060547,41620200
2022-02-09,CCL,22.82999992370605,23.36000061035156,22.76000022888184,23.190000534057617,23.190000534057617,39322700
2022-02-10,CCL,22.8700008392334,23.86000061035156,22.600000381469727,23.1200008392334,23.1200008392334,42465600
2022-02-11,CCL,23.18000030517578,23.63999938964844,21.989999771118164,22.040000915527344,22.040000915527344,51041700
2022-02-14,CCL,22.0,22.520000457763672,21.270000457763672,21.36000061035156,21.36000061035156,36570700
2022-02-15,CCL,22.21999931335449,22.8700008392334,22.049999237060547,22.780000686645508,22.780000686645508,31683800
2022-02-16,CCL,22.780000686645508,23.63999938964844,22.6200008392334,23.309999465942383,23.309999465942383,40609500
2022-02-17,CCL,22.89999961853028,23.18000030517578,22.270000457763672,22.420000076293945,22.420000076293945,25412100
2022-02-18,CCL,22.420000076293945,22.770000457763672,21.959999084472656,22.170000076293945,22.170000076293945,29897300
2022-02-22,CCL,21.549999237060547,22.190000534057617,21.350000381469727,21.51000022888184,21.51000022888184,34908600
2022-02-23,CCL,21.8799991607666,22.0,20.190000534057617,20.209999084472656,20.209999084472656,36958200
2022-02-24,CCL,18.84000015258789,20.709999084472656,18.64999961853028,20.6299991607666,20.6299991607666,49931700
2022-02-25,CCL,20.700000762939453,21.39999961853028,20.290000915527344,21.100000381469727,21.100000381469727,34048000
2022-02-28,CCL,20.6299991607666,20.790000915527344,19.81999969482422,20.32999992370605,20.32999992370605,48343800
2022-03-01,CCL,19.96999931335449,20.030000686645508,18.61000061035156,18.86000061035156,18.86000061035156,55954900
2022-03-02,CCL,19.1200008392334,19.59000015258789,18.690000534057617,19.020000457763672,19.020000457763672,41781800
2022-03-03,CCL,19.26000022888184,19.709999084472656,18.11000061035156,18.270000457763672,18.270000457763672,40969400
2022-03-04,CCL,17.850000381469727,18.06999969482422,17.020000457763672,17.229999542236328,17.229999542236328,56989800
2022-03-07,CCL,17.299999237060547,17.479999542236328,15.520000457763672,15.529999732971191,15.529999732971191,67688600
2022-03-08,CCL,15.68000030517578,16.549999237060547,14.9399995803833,15.880000114440918,15.880000114440918,68269000
2022-03-09,CCL,16.90999984741211,17.780000686645508,16.850000381469727,17.270000457763672,17.270000457763672,58123200
2022-03-10,CCL,16.81999969482422,18.229999542236328,16.709999084472656,17.649999618530273,17.649999618530273,42701100
2022-03-11,CCL,17.93000030517578,18.0,17.18000030517578,17.209999084472656,17.209999084472656,28443500
2022-03-14,CCL,17.299999237060547,17.8799991607666,16.84000015258789,17.1200008392334,17.1200008392334,31014800
2022-03-15,CCL,17.43000030517578,18.190000534057617,17.34000015258789,18.040000915527344,18.040000915527344,40891100
2022-03-16,CCL,18.280000686645508,19.440000534057617,18.09000015258789,19.32999992370605,19.32999992370605,51372500
2022-03-17,CCL,18.71999931335449,19.15999984741211,18.21999931335449,19.14999961853028,19.14999961853028,38740600
2022-03-18,CCL,18.770000457763672,19.540000915527344,18.68000030517578,19.459999084472656,19.459999084472656,32136300
2022-03-21,CCL,19.209999084472656,19.209999084472656,18.59000015258789,18.950000762939453,18.950000762939453,32803500
2022-03-22,CCL,18.63999938964844,19.299999237060547,18.3700008392334,18.93000030517578,18.93000030517578,43514800
2022-03-23,CCL,18.709999084472656,18.89999961853028,18.239999771118164,18.299999237060547,18.299999237060547,27832900
2022-03-24,CCL,18.309999465942383,18.520000457763672,17.829999923706055,18.489999771118164,18.489999771118164,31280500
2022-03-25,CCL,18.440000534057617,18.75,18.229999542236328,18.38999938964844,18.38999938964844,25947400
2022-03-28,CCL,18.59000015258789,19.43000030517578,18.520000457763672,19.39999961853028,19.39999961853028,32494500
2022-03-29,CCL,19.959999084472656,20.39999961853028,19.670000076293945,19.93000030517578,19.93000030517578,40091600
2022-03-30,CCL,19.57999992370605,19.920000076293945,19.450000762939453,19.600000381469727,19.600000381469727,24681700
2022-03-31,CCL,19.6299991607666,20.540000915527344,19.51000022888184,20.21999931335449,20.21999931335449,42409900
2022-04-01,CCL,20.350000381469727,20.459999084472656,19.68000030517578,20.049999237060547,20.049999237060547,27871800
2022-04-04,CCL,19.920000076293945,19.940000534057617,19.350000381469727,19.739999771118164,19.739999771118164,25523400
2022-04-05,CCL,20.690000534057617,21.5,20.13999938964844,20.21999931335449,20.21999931335449,68213000
2022-04-06,CCL,19.82999992370605,19.88999938964844,18.86000061035156,18.93000030517578,18.93000030517578,44802800
2022-04-07,CCL,18.88999938964844,18.920000076293945,18.059999465942383,18.739999771118164,18.739999771118164,42475400
2022-04-08,CCL,18.600000381469727,18.729999542236328,18.040000915527344,18.34000015258789,18.34000015258789,28731700
2022-04-11,CCL,18.1299991607666,19.020000457763672,17.989999771118164,18.540000915527344,18.540000915527344,27851900
2022-04-12,CCL,18.770000457763672,18.950000762939453,18.36000061035156,18.51000022888184,18.51000022888184,23404200
2022-04-13,CCL,18.799999237060547,19.63999938964844,18.780000686645508,19.51000022888184,19.51000022888184,35391100
2022-04-14,CCL,19.709999084472656,20.09000015258789,19.450000762939453,19.559999465942383,19.559999465942383,25316700
2022-04-18,CCL,19.440000534057617,19.59000015258789,18.96999931335449,19.040000915527344,19.040000915527344,18700700
2022-04-19,CCL,19.11000061035156,20.07999992370605,19.11000061035156,19.90999984741211,19.90999984741211,28760200
2022-04-20,CCL,19.959999084472656,20.32999992370605,19.6200008392334,19.6200008392334,19.6200008392334,21267000
2022-04-21,CCL,20.479999542236328,20.6299991607666,19.38999938964844,19.51000022888184,19.51000022888184,37800100
2022-04-22,CCL,19.46999931335449,19.68000030517578,18.75,18.84000015258789,18.84000015258789,25671500
2022-04-25,CCL,18.729999542236328,18.88999938964844,18.34000015258789,18.8799991607666,18.8799991607666,27164700
2022-04-26,CCL,18.84000015258789,18.8799991607666,17.43000030517578,17.5,17.5,44476200
2022-04-27,CCL,17.600000381469727,17.899999618530273,17.149999618530273,17.40999984741211,17.40999984741211,35893100
2022-04-28,CCL,17.729999542236328,18.0,17.1200008392334,17.829999923706055,17.829999923706055,30952100
2022-04-29,CCL,17.760000228881836,18.200000762939453,17.239999771118164,17.299999237060547,17.299999237060547,22197100
2022-05-02,CCL,17.309999465942383,17.479999542236328,16.729999542236328,17.350000381469727,17.350000381469727,34360800
2022-05-03,CCL,17.6299991607666,17.829999923706055,17.110000610351562,17.489999771118164,17.489999771118164,28177600
2022-05-04,CCL,17.420000076293945,17.729999542236328,16.690000534057617,17.729999542236328,17.729999542236328,37917900
2022-05-05,CCL,17.299999237060547,17.540000915527344,16.360000610351562,16.540000915527344,16.540000915527344,44517800
2022-05-06,CCL,16.420000076293945,16.559999465942383,15.59000015258789,15.920000076293944,15.920000076293944,43828900
2022-05-09,CCL,15.550000190734863,15.619999885559082,14.050000190734863,14.140000343322754,14.140000343322754,55563200
2022-05-10,CCL,14.8100004196167,15.029999732971191,13.81999969482422,14.1899995803833,14.1899995803833,46996200
2022-05-11,CCL,14.25,14.739999771118164,13.520000457763672,13.550000190734863,13.550000190734863,40917100
2022-05-12,CCL,13.260000228881836,13.859999656677246,12.720000267028809,13.260000228881836,13.260000228881836,53708800
2022-05-13,CCL,13.550000190734863,14.5,13.550000190734863,14.279999732971191,14.279999732971191,40862000
2022-05-16,CCL,14.270000457763672,14.529999732971191,14.029999732971191,14.09000015258789,14.09000015258789,29771800
2022-05-17,CCL,14.510000228881836,14.960000038146973,14.31999969482422,14.869999885559082,14.869999885559082,29133500
2022-05-18,CCL,14.609999656677246,14.829999923706056,13.699999809265137,13.84000015258789,13.84000015258789,36536400
2022-05-19,CCL,13.670000076293944,13.9399995803833,13.489999771118164,13.579999923706056,13.579999923706056,37716400
2022-05-20,CCL,13.8100004196167,13.960000038146973,12.699999809265137,13.130000114440918,13.130000114440918,45620600
2022-05-23,CCL,13.119999885559082,13.1899995803833,12.539999961853027,13.109999656677246,13.109999656677246,41410400
2022-05-24,CCL,12.84000015258789,12.869999885559082,11.5600004196167,11.760000228881836,11.760000228881836,63216500
2022-05-25,CCL,11.649999618530272,12.3100004196167,11.609999656677246,12.18000030517578,12.18000030517578,38049800
2022-05-26,CCL,12.300000190734863,13.470000267028809,12.300000190734863,13.210000038146973,13.210000038146973,49498400
2022-05-27,CCL,13.350000381469728,13.970000267028809,13.329999923706056,13.970000267028809,13.970000267028809,35625500
2022-05-31,CCL,13.859999656677246,14.170000076293944,13.720000267028809,13.880000114440918,13.880000114440918,38118300
2022-06-01,CCL,14.039999961853027,14.199999809265137,13.149999618530272,13.470000267028809,13.470000267028809,33402900
2022-06-02,CCL,13.489999771118164,14.0600004196167,13.390000343322754,14.0600004196167,14.0600004196167,34067200
2022-06-03,CCL,13.649999618530272,13.890000343322754,13.34000015258789,13.510000228881836,13.510000228881836,27169400
2022-06-06,CCL,13.670000076293944,13.800000190734863,13.34000015258789,13.609999656677246,13.609999656677246,26843100
2022-06-07,CCL,13.300000190734863,13.8100004196167,13.210000038146973,13.779999732971191,13.779999732971191,23383200
2022-06-08,CCL,13.350000381469728,13.5600004196167,12.920000076293944,12.93000030517578,12.93000030517578,43179100
2022-06-09,CCL,12.81999969482422,12.850000381469728,11.729999542236328,11.729999542236328,11.729999542236328,63169100
2022-06-10,CCL,11.5600004196167,12.06999969482422,11.039999961853027,11.050000190734863,11.050000190734863,67279900
2022-06-13,CCL,10.529999732971191,10.539999961853027,9.770000457763672,9.90999984741211,9.90999984741211,71269000
2022-06-14,CCL,10.010000228881836,10.170000076293944,9.40999984741211,9.520000457763672,9.520000457763672,59250200
2022-06-15,CCL,9.640000343322754,10.020000457763672,9.510000228881836,9.84000015258789,9.84000015258789,67274100
2022-06-16,CCL,9.43000030517578,9.489999771118164,8.699999809265137,8.75,8.75,76859100
2022-06-17,CCL,8.90999984741211,9.640000343322754,8.75,9.600000381469728,9.600000381469728,69584400
2022-06-21,CCL,9.6899995803833,9.789999961853027,9.43000030517578,9.56999969482422,9.56999969482422,49067200
2022-06-22,CCL,9.359999656677246,9.829999923706056,9.279999732971191,9.619999885559082,9.619999885559082,38634600
2022-06-23,CCL,9.619999885559082,9.739999771118164,9.220000267028809,9.649999618530272,9.649999618530272,48309600
2022-06-24,CCL,9.720000267028809,10.880000114440918,9.479999542236328,10.850000381469728,10.850000381469728,85277300
2022-06-27,CCL,10.729999542236328,10.8100004196167,10.18000030517578,10.550000190734863,10.550000190734863,52876800
2022-06-28,CCL,10.489999771118164,11.050000190734863,10.3100004196167,10.329999923706056,10.329999923706056,46295200
2022-06-29,CCL,9.489999771118164,9.600000381469728,8.65999984741211,8.869999885559082,8.869999885559082,109730900
2022-06-30,CCL,8.65999984741211,8.8100004196167,8.100000381469727,8.649999618530273,8.649999618530273,74706500
2022-07-01,CCL,8.609999656677246,8.970000267028809,8.529999732971191,8.819999694824219,8.819999694824219,51985500
2022-07-05,CCL,8.539999961853027,9.40999984741211,8.149999618530273,9.380000114440918,9.380000114440918,69309900
2022-07-06,CCL,9.25,9.529999732971191,8.699999809265137,8.739999771118164,8.739999771118164,52642200
2022-07-07,CCL,8.949999809265137,9.449999809265137,8.930000305175781,9.329999923706056,9.329999923706056,46116100
2022-07-08,CCL,9.210000038146973,9.43000030517578,8.9399995803833,9.010000228881836,9.010000228881836,45688300
2022-07-11,CCL,8.960000038146973,8.970000267028809,8.460000038146973,8.489999771118164,8.489999771118164,40155700
2022-07-12,CCL,8.479999542236328,9.270000457763672,8.430000305175781,9.130000114440918,9.130000114440918,65626100
2022-07-13,CCL,8.729999542236328,9.130000114440918,8.649999618530273,9.0,9.0,41433700
2022-07-14,CCL,8.819999694824219,9.0,8.649999618530273,8.710000038146973,8.710000038146973,40652900
2022-07-15,CCL,8.880000114440918,9.1899995803833,8.710000038146973,9.18000030517578,9.18000030517578,44346700
2022-07-18,CCL,9.43000030517578,10.119999885559082,9.43000030517578,9.649999618530272,9.649999618530272,66343700
2022-07-19,CCL,10.020000457763672,10.40999984741211,9.989999771118164,10.359999656677246,10.359999656677246,60355900
2022-07-20,CCL,10.34000015258789,11.100000381469728,10.279999732971191,11.09000015258789,11.09000015258789,69920800
2022-07-21,CCL,9.670000076293944,9.899999618530272,9.420000076293944,9.850000381469728,9.850000381469728,144225000
2022-07-22,CCL,9.899999618530272,9.989999771118164,9.149999618530272,9.260000228881836,9.260000228881836,100507900
2022-07-25,CCL,9.260000228881836,9.289999961853027,8.84000015258789,9.18000030517578,9.18000030517578,54848200
2022-07-26,CCL,9.06999969482422,9.100000381469728,8.460000038146973,8.5,8.5,68820200
2022-07-27,CCL,8.789999961853027,8.890000343322754,8.470000267028809,8.850000381469727,8.850000381469727,66105600
2022-07-28,CCL,8.970000267028809,9.380000114440918,8.569999694824219,9.100000381469728,9.100000381469728,58406700
2022-07-29,CCL,9.010000228881836,9.18000030517578,8.770000457763672,9.0600004196167,9.0600004196167,40901800
2022-08-01,CCL,8.899999618530273,8.979999542236328,8.569999694824219,8.920000076293945,8.920000076293945,54740900
2022-08-02,CCL,8.770000457763672,9.640000343322754,8.670000076293945,9.350000381469728,9.350000381469728,56616000
2022-08-03,CCL,9.5,9.8100004196167,9.470000267028809,9.789999961853027,9.789999961853027,45506500
2022-08-04,CCL,9.770000457763672,9.9399995803833,9.600000381469728,9.75,9.75,40094000
2022-08-05,CCL,9.529999732971191,10.050000190734863,9.479999542236328,9.81999969482422,9.81999969482422,42444200
2022-08-08,CCL,10.039999961853027,10.489999771118164,9.779999732971191,10.010000228881836,10.010000228881836,67345200
2022-08-09,CCL,9.710000038146973,9.760000228881836,9.260000228881836,9.470000267028809,9.470000267028809,51552800
2022-08-10,CCL,9.890000343322754,10.609999656677246,9.81999969482422,10.34000015258789,10.34000015258789,71504000
2022-08-11,CCL,10.84000015258789,10.949999809265137,10.4399995803833,10.539999961853027,10.539999961853027,50079000
2022-08-12,CCL,10.710000038146973,10.789999961853027,10.449999809265137,10.720000267028809,10.720000267028809,39632900
2022-08-15,CCL,10.5600004196167,10.789999961853027,10.420000076293944,10.710000038146973,10.710000038146973,34057500
2022-08-16,CCL,10.630000114440918,11.380000114440918,10.40999984741211,11.1899995803833,11.1899995803833,59639300
2022-08-17,CCL,10.970000267028809,10.970000267028809,10.399999618530272,10.5600004196167,10.5600004196167,53063700
2022-08-18,CCL,10.5600004196167,10.56999969482422,10.199999809265137,10.449999809265137,10.449999809265137,47229500
2022-08-19,CCL,10.140000343322754,10.239999771118164,9.699999809265137,9.869999885559082,9.869999885559082,50379400
2022-08-22,CCL,9.539999961853027,9.630000114440918,9.350000381469728,9.390000343322754,9.390000343322754,35610400
2022-08-23,CCL,9.479999542236328,9.739999771118164,9.449999809265137,9.539999961853027,9.539999961853027,37301800
2022-08-24,CCL,9.510000228881836,10.949999809265137,9.489999771118164,10.050000190734863,10.050000190734863,37870300
2022-08-25,CCL,10.239999771118164,10.6899995803833,10.210000038146973,10.539999961853027,10.539999961853027,47824200
2022-08-26,CCL,10.619999885559082,10.859999656677246,9.970000267028809,9.970000267028809,9.970000267028809,46325500
2022-08-29,CCL,9.760000228881836,10.039999961853027,9.640000343322754,9.829999923706056,9.829999923706056,31611600
2022-08-30,CCL,10.06999969482422,10.329999923706056,9.56999969482422,9.770000457763672,9.770000457763672,41537700
2022-08-31,CCL,9.90999984741211,9.960000038146973,9.449999809265137,9.460000038146973,9.460000038146973,43196800
2022-09-01,CCL,9.289999961853027,9.359999656677246,8.9399995803833,9.350000381469728,9.350000381469728,43701600
2022-09-02,CCL,9.59000015258789,9.710000038146973,9.270000457763672,9.369999885559082,9.369999885559082,39677800
2022-09-06,CCL,9.550000190734863,9.720000267028809,9.149999618530272,9.4399995803833,9.4399995803833,35375100
2022-09-07,CCL,9.390000343322754,9.869999885559082,9.390000343322754,9.81999969482422,9.81999969482422,38557200
2022-09-08,CCL,9.56999969482422,10.100000381469728,9.539999961853027,10.079999923706056,10.079999923706056,41765200
2022-09-09,CCL,10.229999542236328,10.520000457763672,10.210000038146973,10.399999618530272,10.399999618530272,47276400
2022-09-12,CCL,10.539999961853027,10.789999961853027,10.399999618530272,10.600000381469728,10.600000381469728,34324800
2022-09-13,CCL,10.06999969482422,10.460000038146973,9.960000038146973,10.239999771118164,10.239999771118164,41934000
2022-09-14,CCL,10.140000343322754,10.59000015258789,9.93000030517578,10.56999969482422,10.56999969482422,38845700
2022-09-15,CCL,10.460000038146973,11.1899995803833,10.449999809265137,10.920000076293944,10.920000076293944,59124100
2022-09-16,CCL,10.710000038146973,10.8100004196167,10.460000038146973,10.760000228881836,10.760000228881836,47810800
2022-09-19,CCL,10.65999984741211,11.140000343322754,10.619999885559082,10.779999732971191,10.779999732971191,37564600
2022-09-20,CCL,10.880000114440918,10.989999771118164,10.399999618530272,10.420000076293944,10.420000076293944,47008400
2022-09-21,CCL,10.31999969482422,10.359999656677246,9.699999809265137,9.710000038146973,9.710000038146973,67793100
2022-09-22,CCL,9.739999771118164,9.93000030517578,9.399999618530272,9.640000343322754,9.640000343322754,62079500
2022-09-23,CCL,9.229999542236328,9.34000015258789,8.739999771118164,8.949999809265137,8.949999809265137,79394400
2022-09-26,CCL,8.989999771118164,9.359999656677246,8.880000114440918,8.899999618530273,8.899999618530273,56042300
2022-09-27,CCL,9.199999809265137,9.550000190734863,9.020000457763672,9.220000267028809,9.220000267028809,64007800
2022-09-28,CCL,9.199999809265137,9.850000381469728,9.130000114440918,9.829999923706056,9.829999923706056,65649300
2022-09-29,CCL,9.609999656677246,9.65999984741211,9.020000457763672,9.15999984741211,9.15999984741211,57340600
2022-09-30,CCL,8.449999809265137,8.510000228881836,7.010000228881836,7.03000020980835,7.03000020980835,237674800
2022-10-03,CCL,7.170000076293945,7.190000057220459,6.579999923706055,6.849999904632568,6.849999904632568,104262100
2022-10-04,CCL,7.099999904632568,7.820000171661377,7.079999923706055,7.760000228881836,7.760000228881836,117870500
2022-10-05,CCL,7.46999979019165,7.570000171661377,7.170000076293945,7.429999828338623,7.429999828338623,82831500
2022-10-06,CCL,7.369999885559082,7.610000133514404,6.96999979019165,6.980000019073486,6.980000019073486,86819900
2022-10-07,CCL,6.900000095367432,6.989999771118164,6.570000171661377,6.760000228881836,6.760000228881836,82260200
2022-10-10,CCL,6.730000019073486,6.820000171661377,6.150000095367432,6.380000114440918,6.380000114440918,82505700
2022-10-11,CCL,6.420000076293945,6.739999771118164,6.110000133514404,6.639999866485596,6.639999866485596,73379000
2022-10-12,CCL,6.639999866485596,7.389999866485596,6.550000190734863,7.309999942779541,7.309999942779541,97735700
2022-10-13,CCL,6.989999771118164,7.320000171661377,6.849999904632568,7.099999904632568,7.099999904632568,81275600
2022-10-14,CCL,7.269999980926514,7.429999828338623,7.010000228881836,7.130000114440918,7.130000114440918,63672500
2022-10-17,CCL,7.380000114440918,7.46999979019165,7.170000076293945,7.269999980926514,7.269999980926514,52393700
2022-10-18,CCL,7.699999809265137,8.239999771118164,7.679999828338623,8.079999923706055,8.079999923706055,116496300
2022-10-19,CCL,8.020000457763672,8.140000343322754,7.619999885559082,7.679999828338623,7.679999828338623,70897600
2022-10-20,CCL,7.71999979019165,8.289999961853027,7.710000038146973,8.0,8.0,59658500
2022-10-21,CCL,7.929999828338623,8.220000267028809,7.789999961853027,8.199999809265137,8.199999809265137,57281000
2022-10-24,CCL,8.109999656677246,8.279999732971191,7.920000076293945,8.220000267028809,8.220000267028809,51101500
2022-10-25,CCL,8.270000457763672,8.680000305175781,8.210000038146973,8.619999885559082,8.619999885559082,52082000
2022-10-26,CCL,8.59000015258789,9.130000114440918,8.569999694824219,8.670000076293945,8.670000076293945,58695700
2022-10-27,CCL,8.800000190734863,8.960000038146973,8.640000343322754,8.649999618530273,8.649999618530273,48689900
2022-10-28,CCL,8.5600004196167,8.949999809265137,8.479999542236328,8.9399995803833,8.9399995803833,42739400
2022-10-31,CCL,9.020000457763672,9.149999618530272,8.800000190734863,9.0600004196167,9.0600004196167,49289000
2022-11-01,CCL,9.390000343322754,9.489999771118164,9.039999961853027,9.050000190734863,9.050000190734863,52041000
2022-11-02,CCL,9.010000228881836,9.260000228881836,8.649999618530273,8.6899995803833,8.6899995803833,52525000
2022-11-03,CCL,8.34000015258789,9.06999969482422,8.25,8.829999923706055,8.829999923706055,63837000
2022-11-04,CCL,9.119999885559082,9.31999969482422,8.84000015258789,9.0,9.0,51717100
2022-11-07,CCL,9.06999969482422,9.079999923706056,8.569999694824219,8.760000228881836,8.760000228881836,46375900
2022-11-08,CCL,8.90999984741211,9.229999542236328,8.829999923706055,9.100000381469728,9.100000381469728,53290100
2022-11-09,CCL,9.0,9.020000457763672,8.520000457763672,8.5600004196167,8.5600004196167,41664900
2022-11-10,CCL,9.119999885559082,9.8100004196167,9.079999923706056,9.779999732971191,9.779999732971191,84559500
2022-11-11,CCL,10.170000076293944,10.449999809265137,9.760000228881836,10.350000381469728,10.350000381469728,69889400
2022-11-14,CCL,10.40999984741211,10.75,10.220000267028809,10.600000381469728,10.600000381469728,70950200
2022-11-15,CCL,10.989999771118164,11.489999771118164,10.960000038146973,11.15999984741211,11.15999984741211,106425900
2022-11-16,CCL,9.779999732971191,9.81999969482422,9.489999771118164,9.630000114440918,9.630000114440918,124544100
2022-11-17,CCL,9.369999885559082,9.56999969482422,9.149999618530272,9.510000228881836,9.510000228881836,45732600
2022-11-18,CCL,9.699999809265137,9.729999542236328,9.390000343322754,9.470000267028809,9.470000267028809,38882000
2022-11-21,CCL,9.460000038146973,9.529999732971191,9.130000114440918,9.31999969482422,9.31999969482422,38776300
2022-11-22,CCL,9.359999656677246,9.5600004196167,9.18000030517578,9.470000267028809,9.470000267028809,36685900
2022-11-23,CCL,9.489999771118164,9.779999732971191,9.390000343322754,9.729999542236328,9.729999542236328,44422600
2022-11-25,CCL,9.699999809265137,9.93000030517578,9.640000343322754,9.729999542236328,9.729999542236328,23780800
2022-11-28,CCL,9.579999923706056,9.729999542236328,9.270000457763672,9.31999969482422,9.31999969482422,32078200
2022-11-29,CCL,9.359999656677246,9.789999961853027,9.31999969482422,9.75,9.75,46085800
2022-11-30,CCL,9.8100004196167,9.9399995803833,9.40999984741211,9.93000030517578,9.93000030517578,65648500
2022-12-01,CCL,9.960000038146973,10.289999961853027,9.899999618530272,9.970000267028809,9.970000267028809,52863100
2022-12-02,CCL,9.729999542236328,10.039999961853027,9.449999809265137,10.0,10.0,48326900
2022-12-05,CCL,9.890000343322754,10.270000457763672,9.630000114440918,9.68000030517578,9.68000030517578,52424100
2022-12-06,CCL,9.699999809265137,9.760000228881836,9.170000076293944,9.300000190734863,9.300000190734863,50508400
2022-12-07,CCL,9.220000267028809,9.350000381469728,8.859999656677246,8.890000343322754,8.890000343322754,52196200
2022-12-08,CCL,9.0,9.239999771118164,8.9399995803833,9.029999732971191,9.029999732971191,37881700
2022-12-09,CCL,9.020000457763672,9.130000114440918,8.850000381469727,8.869999885559082,8.869999885559082,37684100
2022-12-12,CCL,8.770000457763672,9.010000228881836,8.569999694824219,9.010000228881836,9.010000228881836,44353700
2022-12-13,CCL,9.600000381469728,9.670000076293944,8.720000267028809,8.90999984741211,8.90999984741211,62156900
2022-12-14,CCL,8.880000114440918,9.109999656677246,8.710000038146973,8.930000305175781,8.930000305175781,57877700
2022-12-15,CCL,8.720000267028809,8.949999809265137,8.470000267028809,8.630000114440918,8.630000114440918,52117200
2022-12-16,CCL,8.489999771118164,8.699999809265137,8.350000381469727,8.449999809265137,8.449999809265137,43358200
2022-12-19,CCL,8.479999542236328,8.489999771118164,8.020000457763672,8.09000015258789,8.09000015258789,41998400
2022-12-20,CCL,7.949999809265137,8.270000457763672,7.929999828338623,8.100000381469727,8.100000381469727,49501000
2022-12-21,CCL,7.880000114440918,8.789999961853027,7.78000020980835,8.479999542236328,8.479999542236328,77709700
2022-12-22,CCL,8.470000267028809,8.5,7.630000114440918,7.880000114440918,7.880000114440918,64849100
2022-12-23,CCL,7.860000133514404,7.940000057220459,7.53000020980835,7.809999942779541,7.809999942779541,39623700
2022-12-27,CCL,7.78000020980835,7.900000095367432,7.550000190734863,7.670000076293945,7.670000076293945,37674800
2022-12-28,CCL,7.710000038146973,7.909999847412109,7.630000114440918,7.670000076293945,7.670000076293945,34112400
2022-12-29,CCL,7.730000019073486,8.100000381469727,7.699999809265137,8.079999923706055,8.079999923706055,38092700
2022-12-30,CCL,7.980000019073486,8.220000267028809,7.929999828338623,8.0600004196167,8.0600004196167,30690600
2023-01-03,CCL,8.239999771118164,8.319999694824219,7.920000076293945,7.96999979019165,7.96999979019165,33965200
2023-01-04,CCL,8.069999694824219,8.760000228881836,7.980000019073486,8.739999771118164,8.739999771118164,52046600
2023-01-05,CCL,8.569999694824219,8.989999771118164,8.470000267028809,8.949999809265137,8.949999809265137,35689900
2023-01-06,CCL,9.0,9.229999542236328,8.829999923706055,9.199999809265137,9.199999809265137,40099600
2023-01-09,CCL,9.260000228881836,9.640000343322754,9.210000038146973,9.470000267028809,9.470000267028809,44454500
2023-01-10,CCL,9.420000076293944,9.710000038146973,9.260000228881836,9.68000030517578,9.68000030517578,38995500
2023-01-11,CCL,9.75,9.899999618530272,9.65999984741211,9.859999656677246,9.859999656677246,33668900
2023-01-12,CCL,10.0600004196167,10.289999961853027,9.859999656677246,10.279999732971191,10.279999732971191,48425800
2023-01-13,CCL,10.149999618530272,10.609999656677246,10.140000343322754,10.510000228881836,10.510000228881836,41626900
2023-01-17,CCL,10.609999656677246,10.9399995803833,10.43000030517578,10.880000114440918,10.880000114440918,48197800
2023-01-18,CCL,11.09000015258789,11.170000076293944,10.34000015258789,10.43000030517578,10.43000030517578,57513800
2023-01-19,CCL,10.130000114440918,10.239999771118164,9.920000076293944,10.119999885559082,10.119999885559082,44119300
2023-01-20,CCL,10.279999732971191,10.619999885559082,10.15999984741211,10.470000267028809,10.470000267028809,39941600
2023-01-23,CCL,10.640000343322754,10.829999923706056,10.529999732971191,10.720000267028809,10.720000267028809,34611400
2023-01-24,CCL,10.720000267028809,10.960000038146973,10.399999618530272,10.68000030517578,10.68000030517578,33317400
2023-01-25,CCL,10.489999771118164,10.899999618530272,10.380000114440918,10.880000114440918,10.880000114440918,29042400
2023-01-26,CCL,11.0,11.09000015258789,10.56999969482422,10.630000114440918,10.630000114440918,32096200
2023-01-27,CCL,10.779999732971191,11.25,10.760000228881836,11.020000457763672,11.020000457763672,50631600
2023-01-30,CCL,10.829999923706056,11.220000267028809,10.609999656677246,10.640000343322754,10.640000343322754,35766600
2023-01-31,CCL,10.779999732971191,10.829999923706056,10.579999923706056,10.81999969482422,10.81999969482422,30246300
2023-02-01,CCL,10.81999969482422,11.420000076293944,10.619999885559082,11.34000015258789,11.34000015258789,47240000
2023-02-02,CCL,11.720000267028809,12.260000228881836,11.470000267028809,12.039999961853027,12.039999961853027,61194400
2023-02-03,CCL,11.789999961853027,12.149999618530272,11.68000030517578,11.800000190734863,11.800000190734863,35978400
2023-02-06,CCL,11.600000381469728,11.899999618530272,11.550000190734863,11.869999885559082,11.869999885559082,33494900
2023-02-07,CCL,12.149999618530272,12.619999885559082,11.699999809265137,12.1899995803833,12.1899995803833,70218900
2023-02-08,CCL,12.31999969482422,12.399999618530272,11.84000015258789,11.869999885559082,11.869999885559082,38275600
2023-02-09,CCL,11.949999809265137,12.130000114440918,11.359999656677246,11.529999732971191,11.529999732971191,34305000
2023-02-10,CCL,11.369999885559082,11.449999809265137,11.010000228881836,11.15999984741211,11.15999984741211,39694500
2023-02-13,CCL,11.220000267028809,11.710000038146973,11.130000114440918,11.640000343322754,11.640000343322754,28988700
2023-02-14,CCL,11.550000190734863,11.960000038146973,11.390000343322754,11.880000114440918,11.880000114440918,34073000
2023-02-15,CCL,11.81999969482422,12.210000038146973,11.630000114440918,12.1899995803833,12.1899995803833,34244000
2023-02-16,CCL,12.0,12.0,11.56999969482422,11.600000381469728,11.600000381469728,30227800
2023-02-17,CCL,11.510000228881836,11.56999969482422,11.15999984741211,11.289999961853027,11.289999961853027,31103300
2023-02-21,CCL,11.119999885559082,11.279999732971191,11.029999732971191,11.130000114440918,11.130000114440918,20923500
2023-02-22,CCL,11.06999969482422,11.34000015258789,10.880000114440918,11.039999961853027,11.039999961853027,25605800
2023-02-23,CCL,11.15999984741211,11.220000267028809,10.670000076293944,10.890000343322754,10.890000343322754,28657500
2023-02-24,CCL,10.68000030517578,10.760000228881836,10.380000114440918,10.59000015258789,10.59000015258789,32077800
2023-02-27,CCL,10.81999969482422,10.989999771118164,10.760000228881836,10.829999923706056,10.829999923706056,23336700
2023-02-28,CCL,10.5600004196167,10.699999809265137,10.25,10.619999885559082,10.619999885559082,39800000
2023-03-01,CCL,10.619999885559082,10.760000228881836,10.510000228881836,10.59000015258789,10.59000015258789,26906600
2023-03-02,CCL,10.4399995803833,10.800000190734863,10.350000381469728,10.760000228881836,10.760000228881836,22463300
2023-03-03,CCL,10.989999771118164,11.199999809265137,10.850000381469728,11.109999656677246,11.109999656677246,29919900
2023-03-06,CCL,11.1899995803833,11.529999732971191,11.06999969482422,11.06999969482422,11.06999969482422,32128800
2023-03-07,CCL,11.0600004196167,11.199999809265137,10.859999656677246,10.869999885559082,10.869999885559082,24794000
2023-03-08,CCL,10.850000381469728,10.970000267028809,10.449999809265137,10.529999732971191,10.529999732971191,29901000
2023-03-09,CCL,10.510000228881836,10.59000015258789,9.9399995803833,9.989999771118164,9.989999771118164,37505400
2023-03-10,CCL,9.960000038146973,10.06999969482422,9.520000457763672,9.6899995803833,9.6899995803833,46525200
2023-03-13,CCL,9.4399995803833,9.5600004196167,9.109999656677246,9.239999771118164,9.239999771118164,50015700
2023-03-14,CCL,9.470000267028809,9.5600004196167,9.010000228881836,9.06999969482422,9.06999969482422,45033700
2023-03-15,CCL,8.720000267028809,8.890000343322754,8.369999885559082,8.729999542236328,8.729999542236328,54438600
2023-03-16,CCL,8.550000190734863,9.15999984741211,8.489999771118164,9.029999732971191,9.029999732971191,51497900
2023-03-17,CCL,8.890000343322754,8.979999542236328,8.550000190734863,8.550000190734863,8.550000190734863,53049200
2023-03-20,CCL,8.579999923706055,8.890000343322754,8.520000457763672,8.609999656677246,8.609999656677246,45019800
2023-03-21,CCL,8.949999809265137,9.210000038146973,8.949999809265137,9.119999885559082,9.119999885559082,43641300
2023-03-22,CCL,9.149999618530272,9.460000038146973,8.970000267028809,8.989999771118164,8.989999771118164,47728500
2023-03-23,CCL,9.050000190734863,9.5600004196167,8.989999771118164,9.220000267028809,9.220000267028809,57700900
2023-03-24,CCL,9.079999923706056,9.270000457763672,8.960000038146973,9.229999542236328,9.229999542236328,45523800
2023-03-27,CCL,9.529999732971191,9.720000267028809,8.680000305175781,8.789999961853027,8.789999961853027,93540200
2023-03-28,CCL,8.9399995803833,9.479999542236328,8.9399995803833,9.329999923706056,9.329999923706056,72930100
2023-03-29,CCL,9.670000076293944,9.960000038146973,9.56999969482422,9.890000343322754,9.890000343322754,55593500
2023-03-30,CCL,10.119999885559082,10.300000190734863,10.0600004196167,10.15999984741211,10.15999984741211,46584200
2023-03-31,CCL,10.279999732971191,10.350000381469728,10.0600004196167,10.149999618530272,10.149999618530272,37314300
2023-04-03,CCL,9.979999542236328,10.06999969482422,9.81999969482422,9.970000267028809,9.970000267028809,39031900
2023-04-04,CCL,10.06999969482422,10.119999885559082,9.550000190734863,9.850000381469728,9.850000381469728,38016300
2023-04-05,CCL,9.779999732971191,9.890000343322754,9.609999656677246,9.65999984741211,9.65999984741211,25510600
2023-04-06,CCL,9.720000267028809,9.880000114440918,9.539999961853027,9.729999542236328,9.729999542236328,28095400
2023-04-10,CCL,9.600000381469728,9.890000343322754,9.5600004196167,9.869999885559082,9.869999885559082,24047400
2023-04-11,CCL,9.90999984741211,10.140000343322754,9.789999961853027,10.039999961853027,10.039999961853027,26263500
2023-04-12,CCL,10.1899995803833,10.229999542236328,9.600000381469728,9.619999885559082,9.619999885559082,34149900
2023-04-13,CCL,9.720000267028809,9.850000381469728,9.699999809265137,9.770000457763672,9.770000457763672,21807900
2023-04-14,CCL,9.81999969482422,9.869999885559082,9.550000190734863,9.600000381469728,9.600000381469728,21640200
2023-04-17,CCL,9.619999885559082,9.800000190734863,9.510000228881836,9.75,9.75,24539000
2023-04-18,CCL,9.760000228881836,9.859999656677246,9.65999984741211,9.84000015258789,9.84000015258789,22055200
2023-04-19,CCL,9.699999809265137,9.850000381469728,9.520000457763672,9.800000190734863,9.800000190734863,25981000
2023-04-20,CCL,9.630000114440918,9.65999984741211,9.300000190734863,9.329999923706056,9.329999923706056,38877300
2023-04-21,CCL,9.300000190734863,9.380000114440918,9.06999969482422,9.380000114440918,9.380000114440918,28720300
2023-04-24,CCL,9.31999969482422,9.4399995803833,9.140000343322754,9.279999732971191,9.279999732971191,23084800
2023-04-25,CCL,9.270000457763672,9.270000457763672,8.90999984741211,8.960000038146973,8.960000038146973,27625300
2023-04-26,CCL,9.029999732971191,9.079999923706056,8.699999809265137,8.760000228881836,8.760000228881836,33804600
2023-04-27,CCL,8.90999984741211,8.960000038146973,8.720000267028809,8.899999618530273,8.899999618530273,25196300
2023-04-28,CCL,8.84000015258789,9.300000190734863,8.829999923706055,9.210000038146973,9.210000038146973,34200500
2023-05-01,CCL,9.270000457763672,9.630000114440918,9.210000038146973,9.489999771118164,9.489999771118164,43945100
2023-05-02,CCL,9.380000114440918,9.539999961853027,9.170000076293944,9.449999809265137,9.449999809265137,33396200
2023-05-03,CCL,9.460000038146973,9.699999809265137,9.40999984741211,9.43000030517578,9.43000030517578,28997800
2023-05-04,CCL,9.779999732971191,9.84000015258789,9.210000038146973,9.390000343322754,9.390000343322754,51862300
2023-05-05,CCL,9.539999961853027,10.09000015258789,9.529999732971191,10.010000228881836,10.010000228881836,52156100
2023-05-08,CCL,10.149999618530272,10.65999984741211,10.039999961853027,10.609999656677246,10.609999656677246,44199800
2023-05-09,CCL,10.489999771118164,10.710000038146973,10.380000114440918,10.649999618530272,10.649999618530272,26602000
2023-05-10,CCL,10.800000190734863,10.890000343322754,10.34000015258789,10.489999771118164,10.489999771118164,29655000
2023-05-11,CCL,10.369999885559082,10.489999771118164,10.15999984741211,10.239999771118164,10.239999771118164,25870000
2023-05-12,CCL,10.25,10.260000228881836,9.68000030517578,9.829999923706056,9.829999923706056,29797400
2023-05-15,CCL,9.859999656677246,10.380000114440918,9.81999969482422,10.3100004196167,10.3100004196167,27705900
2023-05-16,CCL,10.260000228881836,10.640000343322754,10.06999969482422,10.359999656677246,10.359999656677246,30032700
2023-05-17,CCL,10.40999984741211,11.18000030517578,10.399999618530272,11.039999961853027,11.039999961853027,53763700
2023-05-18,CCL,10.970000267028809,11.31999969482422,10.970000267028809,11.279999732971191,11.279999732971191,33835000
2023-05-19,CCL,11.170000076293944,11.220000267028809,10.8100004196167,10.9399995803833,10.9399995803833,28822700
2023-05-22,CCL,11.06999969482422,11.279999732971191,10.829999923706056,11.220000267028809,11.220000267028809,24221100
2023-05-23,CCL,11.119999885559082,11.529999732971191,11.020000457763672,11.039999961853027,11.039999961853027,31999100
2023-05-24,CCL,10.84000015258789,10.859999656677246,10.380000114440918,10.670000076293944,10.670000076293944,34266800
2023-05-25,CCL,11.0,11.220000267028809,10.869999885559082,11.0,11.0,40944700
2023-05-26,CCL,11.149999618530272,11.369999885559082,11.149999618530272,11.279999732971191,11.279999732971191,30569800
2023-05-30,CCL,11.5,11.84000015258789,11.199999809265137,11.380000114440918,11.380000114440918,32709100
2023-05-31,CCL,11.399999618530272,11.449999809265137,10.9399995803833,11.229999542236328,11.229999542236328,32724100
2023-06-01,CCL,11.31999969482422,11.93000030517578,11.199999809265137,11.850000381469728,11.850000381469728,39965900
2023-06-02,CCL,12.039999961853027,12.279999732971191,11.899999618530272,12.18000030517578,12.18000030517578,36332300
2023-06-05,CCL,12.170000076293944,12.380000114440918,12.079999923706056,12.300000190734863,12.300000190734863,26125500
2023-06-06,CCL,12.229999542236328,12.84000015258789,12.199999809265137,12.770000457763672,12.770000457763672,32243400
2023-06-07,CCL,12.869999885559082,13.18000030517578,12.8100004196167,13.029999732971191,13.029999732971191,38518700
2023-06-08,CCL,12.850000381469728,12.970000267028809,12.699999809265137,12.75,12.75,31998400
2023-06-09,CCL,12.880000114440918,13.390000343322754,12.850000381469728,13.09000015258789,13.09000015258789,34064600
2023-06-12,CCL,13.9399995803833,15.100000381469728,13.84000015258789,14.720000267028809,14.720000267028809,126582800
2023-06-13,CCL,15.0600004196167,15.369999885559082,14.739999771118164,15.34000015258789,15.34000015258789,68046100
2023-06-14,CCL,15.510000228881836,15.779999732971191,15.1899995803833,15.600000381469728,15.600000381469728,59729300
2023-06-15,CCL,15.449999809265137,16.15999984741211,15.40999984741211,16.1200008392334,16.1200008392334,64037400
2023-06-16,CCL,16.299999237060547,16.399999618530273,15.6899995803833,15.800000190734863,15.800000190734863,51111900
2023-06-20,CCL,15.989999771118164,16.059999465942383,15.699999809265137,15.899999618530272,15.899999618530272,37891000
2023-06-21,CCL,15.880000114440918,16.18000030517578,15.449999809265137,15.890000343322754,15.890000343322754,37155600
2023-06-22,CCL,15.739999771118164,15.960000038146973,15.59000015258789,15.760000228881836,15.760000228881836,23564100
2023-06-23,CCL,15.489999771118164,16.0,15.43000030517578,15.800000190734863,15.800000190734863,39855000
2023-06-26,CCL,14.979999542236328,15.039999961853027,13.899999618530272,14.600000381469728,14.600000381469728,107033000
2023-06-27,CCL,14.75,15.90999984741211,14.699999809265137,15.890000343322754,15.890000343322754,62431700
2023-06-28,CCL,15.9399995803833,17.489999771118164,15.880000114440918,17.290000915527344,17.290000915527344,96977000
2023-06-29,CCL,17.25,17.75,16.8799991607666,17.15999984741211,17.15999984741211,60301600
2023-06-30,CCL,17.799999237060547,18.8799991607666,17.6200008392334,18.82999992370605,18.82999992370605,115111200
2023-07-03,CCL,18.549999237060547,19.190000534057617,18.43000030517578,18.959999084472656,18.959999084472656,44829000
2023-07-05,CCL,18.93000030517578,19.549999237060547,18.799999237060547,19.209999084472656,19.209999084472656,55764800
2023-07-06,CCL,18.82999992370605,19.040000915527344,18.14999961853028,18.86000061035156,18.86000061035156,56532200
2023-07-07,CCL,18.81999969482422,19.459999084472656,18.81999969482422,19.040000915527344,19.040000915527344,44380200
2023-07-10,CCL,19.030000686645508,19.38999938964844,18.96999931335449,19.299999237060547,19.299999237060547,39739700
2023-07-11,CCL,19.309999465942383,19.3799991607666,18.65999984741211,18.89999961853028,18.89999961853028,43404900
2023-07-12,CCL,19.15999984741211,19.15999984741211,18.190000534057617,18.21999931335449,18.21999931335449,55581800
2023-07-13,CCL,18.299999237060547,18.479999542236328,17.719999313354492,17.75,17.75,49645400
2023-07-14,CCL,17.739999771118164,17.940000534057617,17.100000381469727,17.229999542236328,17.229999542236328,41398100
2023-07-17,CCL,17.350000381469727,17.979999542236328,17.34000015258789,17.709999084472656,17.709999084472656,35689400
2023-07-18,CCL,17.889999389648438,18.57999992370605,17.850000381469727,18.25,18.25,39141300
2023-07-19,CCL,18.489999771118164,18.5,17.889999389648438,18.14999961853028,18.14999961853028,35920000
2023-07-20,CCL,18.0,18.15999984741211,17.610000610351562,17.649999618530273,17.649999618530273,32239300
2023-07-21,CCL,17.600000381469727,17.899999618530273,17.56999969482422,17.8799991607666,17.8799991607666,27228300
2023-07-24,CCL,17.8799991607666,18.010000228881836,17.219999313354492,17.850000381469727,17.850000381469727,28805300
2023-07-25,CCL,17.709999084472656,17.780000686645508,17.34000015258789,17.450000762939453,17.450000762939453,26368800
2023-07-26,CCL,17.5,17.739999771118164,17.329999923706055,17.649999618530273,17.649999618530273,23856600
2023-07-27,CCL,18.6200008392334,18.809999465942383,18.09000015258789,18.21999931335449,18.21999931335449,50553800
2023-07-28,CCL,18.36000061035156,18.71999931335449,18.36000061035156,18.489999771118164,18.489999771118164,24508400
2023-07-31,CCL,18.76000022888184,18.86000061035156,18.5,18.84000015258789,18.84000015258789,27014200
2023-08-01,CCL,18.15999984741211,18.40999984741211,17.479999542236328,17.989999771118164,17.989999771118164,42573300
2023-08-02,CCL,17.6200008392334,17.940000534057617,17.549999237060547,17.719999313354492,17.719999313354492,25360500
2023-08-03,CCL,17.56999969482422,17.899999618530273,17.389999389648438,17.559999465942383,17.559999465942383,22112300
2023-08-04,CCL,17.6200008392334,17.649999618530273,17.079999923706055,17.15999984741211,17.15999984741211,26799300
2023-08-07,CCL,17.389999389648438,18.049999237060547,17.389999389648438,18.040000915527344,18.040000915527344,29955200
2023-08-08,CCL,17.760000228881836,17.950000762939453,17.510000228881836,17.920000076293945,17.920000076293945,21033700
2023-08-09,CCL,17.989999771118164,18.1299991607666,17.260000228881836,17.270000457763672,17.270000457763672,24718700
2023-08-10,CCL,17.459999084472656,17.709999084472656,17.18000030517578,17.360000610351562,17.360000610351562,22120800
2023-08-11,CCL,17.1200008392334,17.149999618530273,16.68000030517578,16.790000915527344,16.790000915527344,26491300
2023-08-14,CCL,16.600000381469727,16.850000381469727,16.479999542236328,16.829999923706055,16.829999923706055,20464000
2023-08-15,CCL,16.649999618530273,16.829999923706055,16.489999771118164,16.610000610351562,16.610000610351562,17912200
2023-08-16,CCL,16.479999542236328,16.610000610351562,16.15999984741211,16.18000030517578,16.18000030517578,22550600
2023-08-17,CCL,16.260000228881836,16.290000915527344,15.800000190734863,15.800000190734863,15.800000190734863,27220500
2023-08-18,CCL,15.4399995803833,15.84000015258789,15.390000343322754,15.59000015258789,15.59000015258789,25707700
2023-08-21,CCL,15.770000457763672,15.850000381469728,15.5,15.710000038146973,15.710000038146973,18829000
2023-08-22,CCL,15.789999961853027,15.859999656677246,15.43000030517578,15.65999984741211,15.65999984741211,20250500
2023-08-23,CCL,15.699999809265137,16.389999389648438,15.489999771118164,16.25,16.25,29806800
2023-08-24,CCL,16.170000076293945,16.329999923706055,15.699999809265137,15.710000038146973,15.710000038146973,21392500
2023-08-25,CCL,15.720000267028809,15.989999771118164,15.550000190734863,15.899999618530272,15.899999618530272,19060500
2023-08-28,CCL,15.920000076293944,16.09000015258789,15.68000030517578,15.710000038146973,15.710000038146973,19018100
2023-08-29,CCL,15.59000015258789,16.1200008392334,15.43000030517578,16.040000915527344,16.040000915527344,17645000
2023-08-30,CCL,16.170000076293945,16.239999771118164,15.829999923706056,15.869999885559082,15.869999885559082,18121700
2023-08-31,CCL,15.850000381469728,16.040000915527344,15.6899995803833,15.81999969482422,15.81999969482422,21797600
2023-09-01,CCL,15.829999923706056,16.059999465942383,15.579999923706056,15.729999542236328,15.729999542236328,16767300
2023-09-05,CCL,15.56999969482422,15.56999969482422,14.920000076293944,15.369999885559082,15.369999885559082,31023200
2023-09-06,CCL,15.109999656677246,15.489999771118164,15.039999961853027,15.43000030517578,15.43000030517578,19238600
2023-09-07,CCL,15.25,15.359999656677246,14.989999771118164,15.300000190734863,15.300000190734863,18761400
2023-09-08,CCL,15.210000038146973,15.520000457763672,15.09000015258789,15.300000190734863,15.300000190734863,13695000
2023-09-11,CCL,15.5600004196167,15.600000381469728,14.949999809265137,15.479999542236328,15.479999542236328,18092800
2023-09-12,CCL,15.31999969482422,15.640000343322754,15.229999542236328,15.460000038146973,15.460000038146973,15495000
2023-09-13,CCL,15.15999984741211,15.270000457763672,14.920000076293944,15.020000457763672,15.020000457763672,23991200
2023-09-14,CCL,15.350000381469728,15.779999732971191,15.260000228881836,15.630000114440918,15.630000114440918,24656700
2023-09-15,CCL,15.539999961853027,15.619999885559082,15.109999656677246,15.1899995803833,15.1899995803833,24302500
2023-09-18,CCL,15.140000343322754,15.210000038146973,14.979999542236328,15.039999961853027,15.039999961853027,19251100
2023-09-19,CCL,15.0600004196167,15.579999923706056,15.0,15.09000015258789,15.09000015258789,23552300
2023-09-20,CCL,15.239999771118164,15.300000190734863,14.640000343322754,14.649999618530272,14.649999618530272,22637100
2023-09-21,CCL,14.449999809265137,14.6899995803833,14.270000457763672,14.449999809265137,14.449999809265137,22663700
2023-09-22,CCL,14.65999984741211,14.670000076293944,14.010000228881836,14.050000190734863,14.050000190734863,21291500
2023-09-25,CCL,13.550000190734863,14.050000190734863,13.380000114440918,13.899999618530272,13.899999618530272,29506500
2023-09-26,CCL,13.670000076293944,13.970000267028809,13.649999618530272,13.760000228881836,13.760000228881836,26210700
2023-09-27,CCL,13.890000343322754,14.18000030517578,13.720000267028809,13.979999542236328,13.979999542236328,25160200
2023-09-28,CCL,13.65999984741211,14.640000343322754,13.640000343322754,14.4399995803833,14.4399995803833,45202200
2023-09-29,CCL,14.649999618530272,15.239999771118164,13.239999771118164,13.720000267028809,13.720000267028809,91954900
2023-10-02,CCL,13.5,14.170000076293944,13.420000076293944,13.640000343322754,13.640000343322754,38918600
2023-10-03,CCL,13.369999885559082,13.510000228881836,12.649999618530272,12.739999771118164,12.739999771118164,53693600
2023-10-04,CCL,12.84000015258789,13.229999542236328,12.81999969482422,13.09000015258789,13.09000015258789,35704600
2023-10-05,CCL,13.270000457763672,13.649999618530272,13.100000381469728,13.300000190734863,13.300000190734863,24169100
2023-10-06,CCL,13.06999969482422,13.470000267028809,12.989999771118164,13.260000228881836,13.260000228881836,26188700
2023-10-09,CCL,12.65999984741211,12.760000228881836,12.279999732971191,12.6899995803833,12.6899995803833,37982300
2023-10-10,CCL,12.81999969482422,13.289999961853027,12.800000190734863,12.899999618530272,12.899999618530272,26502400
2023-10-11,CCL,12.920000076293944,13.010000228881836,12.489999771118164,12.649999618530272,12.649999618530272,25157700
2023-10-12,CCL,12.6899995803833,12.920000076293944,12.34000015258789,12.600000381469728,12.600000381469728,28842100
2023-10-13,CCL,12.380000114440918,12.520000457763672,12.149999618530272,12.260000228881836,12.260000228881836,25958500
2023-10-16,CCL,12.470000267028809,12.529999732971191,12.239999771118164,12.359999656677246,12.359999656677246,28778300
2023-10-17,CCL,12.270000457763672,12.65999984741211,12.229999542236328,12.5,12.5,22430900
2023-10-18,CCL,12.300000190734863,12.34000015258789,11.670000076293944,11.6899995803833,11.6899995803833,37759500
2023-10-19,CCL,11.59000015258789,11.720000267028809,11.34000015258789,11.390000343322754,11.390000343322754,36476100
2023-10-20,CCL,11.239999771118164,11.390000343322754,11.020000457763672,11.029999732971191,11.029999732971191,33490700
2023-10-23,CCL,10.979999542236328,11.640000343322754,10.84000015258789,11.380000114440918,11.380000114440918,41028400
2023-10-24,CCL,11.510000228881836,11.729999542236328,11.399999618530272,11.449999809265137,11.449999809265137,23219100
2023-10-25,CCL,11.31999969482422,11.470000267028809,11.239999771118164,11.270000457763672,11.270000457763672,22471300
2023-10-26,CCL,11.640000343322754,11.739999771118164,10.949999809265137,11.369999885559082,11.369999885559082,38025200
2023-10-27,CCL,11.5600004196167,11.579999923706056,11.010000228881836,11.130000114440918,11.130000114440918,25951000
2023-10-30,CCL,11.359999656677246,11.5,11.1899995803833,11.399999618530272,11.399999618530272,28263900
2023-10-31,CCL,11.43000030517578,11.479999542236328,11.100000381469728,11.460000038146973,11.460000038146973,25679000
2023-11-01,CCL,11.449999809265137,11.56999969482422,11.119999885559082,11.300000190734863,11.300000190734863,26672000
2023-11-02,CCL,11.619999885559082,12.039999961853027,11.609999656677246,11.899999618530272,11.899999618530272,30172100
2023-11-03,CCL,12.1899995803833,12.81999969482422,12.15999984741211,12.550000190734863,12.550000190734863,43517900
2023-11-06,CCL,12.649999618530272,12.739999771118164,12.020000457763672,12.260000228881836,12.260000228881836,30665400
2023-11-07,CCL,12.25,12.56999969482422,12.15999984741211,12.5600004196167,12.5600004196167,22553000
2023-11-08,CCL,12.609999656677246,12.970000267028809,12.510000228881836,12.789999961853027,12.789999961853027,30333400
2023-11-09,CCL,12.800000190734863,12.920000076293944,12.25,12.3100004196167,12.3100004196167,22164800
2023-11-10,CCL,12.300000190734863,12.8100004196167,12.229999542236328,12.760000228881836,12.760000228881836,21955600
2023-11-13,CCL,12.630000114440918,12.829999923706056,12.449999809265137,12.779999732971191,12.779999732971191,19364700
2023-11-14,CCL,13.579999923706056,14.119999885559082,13.329999923706056,13.890000343322754,13.890000343322754,46888800
2023-11-15,CCL,14.1899995803833,14.649999618530272,14.149999618530272,14.56999969482422,14.56999969482422,45858300
2023-11-16,CCL,14.489999771118164,14.829999923706056,14.40999984741211,14.8100004196167,14.8100004196167,31253700
2023-11-17,CCL,14.920000076293944,15.010000228881836,14.640000343322754,14.789999961853027,14.789999961853027,25665200
2023-11-20,CCL,14.75,15.0,14.550000190734863,14.56999969482422,14.56999969482422,23870500
2023-11-21,CCL,14.31999969482422,14.359999656677246,13.880000114440918,14.199999809265137,14.199999809265137,26656000
2023-11-22,CCL,14.5,14.84000015258789,14.40999984741211,14.470000267028809,14.470000267028809,26064700
2023-11-24,CCL,14.270000457763672,14.460000038146973,14.119999885559082,14.40999984741211,14.40999984741211,8927300
2023-11-27,CCL,14.380000114440918,14.739999771118164,14.359999656677246,14.619999885559082,14.619999885559082,21496800
2023-11-28,CCL,14.68000030517578,14.779999732971191,14.479999542236328,14.630000114440918,14.630000114440918,18419200
2023-11-29,CCL,14.8100004196167,15.300000190734863,14.760000228881836,14.90999984741211,14.90999984741211,27451400
2023-11-30,CCL,15.09000015258789,15.1899995803833,14.829999923706056,15.0600004196167,15.0600004196167,30451000
2023-12-01,CCL,15.119999885559082,15.770000457763672,15.029999732971191,15.760000228881836,15.760000228881836,31943600
2023-12-04,CCL,15.75,16.40999984741211,15.75,16.350000381469727,16.350000381469727,36854500
2023-12-05,CCL,16.200000762939453,16.6200008392334,16.149999618530273,16.5,16.5,27681700
2023-12-06,CCL,16.81999969482422,17.81999969482422,16.799999237060547,17.479999542236328,17.479999542236328,43374500
2023-12-07,CCL,17.549999237060547,18.040000915527344,17.43000030517578,17.93000030517578,17.93000030517578,33502900
2023-12-08,CCL,17.920000076293945,18.13999938964844,17.84000015258789,18.11000061035156,18.11000061035156,32727000
2023-12-11,CCL,18.010000228881836,18.059999465942383,17.459999084472656,17.6299991607666,17.6299991607666,34179200
2023-12-12,CCL,17.639999389648438,18.049999237060547,17.610000610351562,17.81999969482422,17.81999969482422,22240600
2023-12-13,CCL,17.75,18.299999237060547,17.6200008392334,18.270000457763672,18.270000457763672,38465400
2023-12-14,CCL,18.5,19.229999542236328,18.479999542236328,18.780000686645508,18.780000686645508,41074500
2023-12-15,CCL,18.68000030517578,18.950000762939453,18.549999237060547,18.61000061035156,18.61000061035156,36118100
2023-12-18,CCL,18.530000686645508,18.71999931335449,18.209999084472656,18.36000061035156,18.36000061035156,26063300
2023-12-19,CCL,18.450000762939453,18.86000061035156,18.39999961853028,18.709999084472656,18.709999084472656,27102200
2023-12-20,CCL,18.63999938964844,18.799999237060547,18.059999465942383,18.06999969482422,18.06999969482422,34109700
2023-12-21,CCL,18.5,19.5,18.32999992370605,19.190000534057617,19.190000534057617,63822500
2023-12-22,CCL,19.13999938964844,19.739999771118164,18.700000762939453,18.93000030517578,18.93000030517578,38240400
2023-12-26,CCL,18.790000915527344,18.86000061035156,18.36000061035156,18.61000061035156,18.61000061035156,26668600
2023-12-27,CCL,18.39999961853028,18.61000061035156,18.200000762939453,18.540000915527344,18.540000915527344,25594200
2023-12-28,CCL,18.6200008392334,18.76000022888184,18.540000915527344,18.670000076293945,18.670000076293945,17540700
2023-12-29,CCL,18.63999938964844,18.8799991607666,18.530000686645508,18.540000915527344,18.540000915527344,25436700
2024-01-02,CCL,18.309999465942383,18.34000015258789,17.209999084472656,17.290000915527344,17.290000915527344,36400200
2024-01-03,CCL,16.760000228881836,16.899999618530273,16.260000228881836,16.350000381469727,16.350000381469727,43978500
2024-01-04,CCL,16.350000381469727,17.100000381469727,16.299999237060547,16.850000381469727,16.850000381469727,33978600
2024-01-05,CCL,16.899999618530273,17.559999465942383,16.850000381469727,17.329999923706055,17.329999923706055,34785400
2024-01-08,CCL,17.40999984741211,17.579999923706055,17.040000915527344,17.350000381469727,17.350000381469727,26151600
2024-01-09,CCL,17.049999237060547,17.559999465942383,17.049999237060547,17.3799991607666,17.3799991607666,21013000
2024-01-10,CCL,17.260000228881836,17.829999923706055,17.190000534057617,17.780000686645508,17.780000686645508,24717400
2024-01-11,CCL,17.739999771118164,17.780000686645508,17.15999984741211,17.530000686645508,17.530000686645508,23338900
2024-01-12,CCL,17.530000686645508,17.530000686645508,16.739999771118164,16.959999084472656,16.959999084472656,24801400
2024-01-16,CCL,16.649999618530273,17.100000381469727,16.530000686645508,17.030000686645508,17.030000686645508,24477200
2024-01-17,CCL,16.56999969482422,16.979999542236328,16.56999969482422,16.860000610351562,16.860000610351562,15919000
2024-01-18,CCL,17.1200008392334,17.649999618530273,16.84000015258789,17.280000686645508,17.280000686645508,31558400
2024-01-19,CCL,17.219999313354492,17.350000381469727,16.81999969482422,17.329999923706055,17.329999923706055,21539400
2024-01-22,CCL,17.5,17.549999237060547,16.389999389648438,16.639999389648438,16.639999389648438,54155000
2024-01-23,CCL,16.510000228881836,16.780000686645508,16.209999084472656,16.25,16.25,40097200
2024-01-24,CCL,16.5,16.75,16.059999465942383,16.079999923706055,16.079999923706055,35602600
2024-01-25,CCL,16.280000686645508,16.5,16.209999084472656,16.469999313354492,16.469999313354492,40046700
2024-01-26,CCL,16.5,16.510000228881836,15.8100004196167,15.829999923706056,15.829999923706056,39896600
2024-01-29,CCL,15.699999809265137,16.549999237060547,15.6899995803833,16.549999237060547,16.549999237060547,37138300
2024-01-30,CCL,16.809999465942383,17.200000762939453,16.389999389648438,16.469999313354492,16.469999313354492,42567900
2024-01-31,CCL,16.399999618530273,17.18000030517578,16.350000381469727,16.579999923706055,16.579999923706055,37512800
2024-02-01,CCL,17.09000015258789,17.239999771118164,16.219999313354492,16.799999237060547,16.799999237060547,41876600
2024-02-02,CCL,16.6299991607666,16.65999984741211,16.139999389648438,16.440000534057617,16.440000534057617,32332100
2024-02-05,CCL,16.209999084472656,16.25,15.640000343322754,15.829999923706056,15.829999923706056,32575500
2024-02-06,CCL,15.760000228881836,16.1299991607666,15.5600004196167,15.970000267028809,15.970000267028809,22660700
2024-02-07,CCL,16.0,16.030000686645508,15.609999656677246,15.720000267028809,15.720000267028809,27082300
2024-02-08,CCL,15.640000343322754,15.789999961853027,15.420000076293944,15.6899995803833,15.6899995803833,25545000
2024-02-09,CCL,15.68000030517578,15.739999771118164,14.960000038146973,15.3100004196167,15.3100004196167,45686600
2024-02-12,CCL,15.329999923706056,15.640000343322754,15.279999732971191,15.489999771118164,15.489999771118164,28026400
2024-02-13,CCL,15.029999732971191,15.239999771118164,14.899999618530272,15.119999885559082,15.119999885559082,26733700
2024-02-14,CCL,15.260000228881836,15.359999656677246,14.84000015258789,15.270000457763672,15.270000457763672,25927100
2024-02-15,CCL,15.359999656677246,15.609999656677246,15.140000343322754,15.220000267028809,15.220000267028809,26700100
2024-02-16,CCL,15.020000457763672,15.119999885559082,14.770000457763672,14.800000190734863,14.800000190734863,24237600
2024-02-20,CCL,14.75,14.829999923706056,14.4399995803833,14.760000228881836,14.760000228881836,24917100
2024-02-21,CCL,14.619999885559082,14.75,14.539999961853027,14.710000038146973,14.710000038146973,18529500
2024-02-22,CCL,15.550000190734863,15.609999656677246,15.100000381469728,15.210000038146973,15.210000038146973,39773500
2024-02-23,CCL,15.039999961853027,15.460000038146973,14.949999809265137,15.229999542236328,15.229999542236328,26825200
2024-02-26,CCL,15.149999618530272,15.25,14.770000457763672,14.779999732971191,14.779999732971191,25467300
2024-02-27,CCL,16.010000228881836,16.209999084472656,15.489999771118164,15.90999984741211,15.90999984741211,56116000
2024-02-28,CCL,15.720000267028809,16.1200008392334,15.43000030517578,15.470000267028809,15.470000267028809,28772600
2024-02-29,CCL,15.520000457763672,15.9399995803833,15.4399995803833,15.859999656677246,15.859999656677246,34166800
2024-03-01,CCL,15.899999618530272,16.110000610351562,15.649999618530272,16.0,16.0,22562800
2024-03-04,CCL,16.059999465942383,16.40999984741211,16.020000457763672,16.06999969482422,16.06999969482422,26876000
2024-03-05,CCL,15.920000076293944,16.15999984741211,15.760000228881836,15.890000343322754,15.890000343322754,26446500
2024-03-06,CCL,16.149999618530273,16.329999923706055,15.880000114440918,16.010000228881836,16.010000228881836,21260400
2024-03-07,CCL,16.15999984741211,16.229999542236328,15.609999656677246,15.65999984741211,15.65999984741211,26335600
2024-03-08,CCL,15.960000038146973,16.780000686645508,15.68000030517578,16.3700008392334,16.3700008392334,44025100
2024-03-11,CCL,16.360000610351562,16.3799991607666,16.06999969482422,16.229999542236328,16.229999542236328,24125300
2024-03-12,CCL,16.239999771118164,16.25,15.90999984741211,16.239999771118164,16.239999771118164,22403600
2024-03-13,CCL,16.399999618530273,16.940000534057617,16.350000381469727,16.649999618530273,16.649999618530273,32798700
2024-03-14,CCL,16.540000915527344,16.6200008392334,16.139999389648438,16.200000762939453,16.200000762939453,23985100
2024-03-15,CCL,16.190000534057617,16.3799991607666,16.079999923706055,16.260000228881836,16.260000228881836,24012900
2024-03-18,CCL,16.360000610351562,16.649999618530273,16.1200008392334,16.190000534057617,16.190000534057617,25799400
2024-03-19,CCL,16.110000610351562,16.200000762939453,15.890000343322754,16.079999923706055,16.079999923706055,21516100
2024-03-20,CCL,16.079999923706055,16.850000381469727,16.040000915527344,16.850000381469727,16.850000381469727,29629800
2024-03-21,CCL,17.06999969482422,17.280000686645508,16.8700008392334,17.020000457763672,17.020000457763672,31116800
2024-03-22,CCL,17.06999969482422,17.18000030517578,16.959999084472656,17.079999923706055,17.079999923706055,18601300
2024-03-25,CCL,17.34000015258789,17.670000076293945,17.09000015258789,17.110000610351562,17.110000610351562,41079600
2024-03-26,CCL,17.450000762939453,17.6200008392334,16.790000915527344,17.030000686645508,17.030000686645508,65639200
2024-03-27,CCL,16.610000610351562,17.68000030517578,16.170000076293945,17.190000534057617,17.190000534057617,112964400
2024-03-28,CCL,17.0,17.1299991607666,16.309999465942383,16.34000015258789,16.34000015258789,60284300
2024-04-01,CCL,16.479999542236328,16.670000076293945,16.059999465942383,16.260000228881836,16.260000228881836,33043900
2024-04-02,CCL,15.84000015258789,15.880000114440918,15.40999984741211,15.479999542236328,15.479999542236328,35824500
2024-04-03,CCL,15.350000381469728,15.600000381469728,15.25,15.34000015258789,15.34000015258789,26613300
2024-04-04,CCL,15.59000015258789,15.800000190734863,14.979999542236328,15.0600004196167,15.0600004196167,35613200
2024-04-05,CCL,15.010000228881836,15.15999984741211,14.84000015258789,15.119999885559082,15.119999885559082,29861000
2024-04-08,CCL,15.25,15.68000030517578,15.239999771118164,15.65999984741211,15.65999984741211,26731500
2024-04-09,CCL,15.619999885559082,15.710000038146973,15.149999618530272,15.5,15.5,25736000
2024-04-10,CCL,15.149999618530272,15.34000015258789,14.789999961853027,14.949999809265137,14.949999809265137,33185600
2024-04-11,CCL,14.880000114440918,15.029999732971191,14.59000015258789,14.970000267028809,14.970000267028809,26083900
2024-04-12,CCL,14.710000038146973,14.739999771118164,14.229999542236328,14.359999656677246,14.359999656677246,34056700
2024-04-15,CCL,14.65999984741211,14.760000228881836,13.920000076293944,14.0600004196167,14.0600004196167,30780000
2024-04-16,CCL,14.020000457763672,14.079999923706056,13.800000190734863,13.899999618530272,13.899999618530272,27095100
2024-04-17,CCL,14.1899995803833,14.300000190734863,14.010000228881836,14.119999885559082,14.119999885559082,22639800
2024-04-18,CCL,14.210000038146973,14.5600004196167,14.15999984741211,14.18000030517578,14.18000030517578,23061100
2024-04-19,CCL,14.100000381469728,14.3100004196167,14.050000190734863,14.119999885559082,14.119999885559082,29493400
2024-04-22,CCL,14.350000381469728,14.40999984741211,14.06999969482422,14.279999732971191,14.279999732971191,24348300
2024-04-23,CCL,14.399999618530272,14.9399995803833,14.329999923706056,14.789999961853027,14.789999961853027,25455300
2024-04-24,CCL,14.829999923706056,15.050000190734863,14.770000457763672,15.010000228881836,15.010000228881836,24536500
2024-04-25,CCL,15.0600004196167,15.199999809265137,14.800000190734863,15.18000030517578,15.18000030517578,29288000
2024-04-26,CCL,15.18000030517578,15.229999542236328,14.90999984741211,15.079999923706056,15.079999923706056,20459000
2024-04-29,CCL,15.079999923706056,15.279999732971191,14.850000381469728,15.130000114440918,15.130000114440918,19562500
2024-04-30,CCL,14.949999809265137,15.140000343322754,14.770000457763672,14.81999969482422,14.81999969482422,22986100
2024-05-01,CCL,14.630000114440918,14.800000190734863,14.210000038146973,14.470000267028809,14.470000267028809,33933600
2024-05-02,CCL,14.609999656677246,14.68000030517578,14.359999656677246,14.460000038146973,14.460000038146973,19596400
2024-05-03,CCL,14.760000228881836,14.869999885559082,14.369999885559082,14.4399995803833,14.4399995803833,23570400
2024-05-06,CCL,14.59000015258789,14.710000038146973,14.4399995803833,14.600000381469728,14.600000381469728,29357200
2024-05-07,CCL,14.529999732971191,14.59000015258789,14.119999885559082,14.119999885559082,14.119999885559082,25935000
2024-05-08,CCL,14.020000457763672,14.329999923706056,13.979999542236328,14.300000190734863,14.300000190734863,23651400
2024-05-09,CCL,14.3100004196167,14.699999809265137,14.270000457763672,14.5600004196167,14.5600004196167,24245800
2024-05-10,CCL,14.630000114440918,14.630000114440918,14.34000015258789,14.43000030517578,14.43000030517578,16374000
2024-05-13,CCL,14.460000038146973,14.6899995803833,14.449999809265137,14.5600004196167,14.5600004196167,24898100
2024-05-14,CCL,14.68000030517578,14.760000228881836,14.40999984741211,14.520000457763672,14.520000457763672,24220000
2024-05-15,CCL,14.609999656677246,15.020000457763672,14.579999923706056,14.859999656677246,14.859999656677246,35205300
2024-05-16,CCL,14.9399995803833,15.079999923706056,14.81999969482422,14.899999618530272,14.899999618530272,29313600
2024-05-17,CCL,14.989999771118164,15.119999885559082,14.93000030517578,15.0,15.0,22775900
2024-05-20,CCL,15.390000343322754,16.239999771118164,15.3100004196167,16.09000015258789,16.09000015258789,53286300
2024-05-21,CCL,15.960000038146973,16.200000762939453,15.850000381469728,16.200000762939453,16.200000762939453,29685600
2024-05-22,CCL,16.139999389648438,16.190000534057617,15.59000015258789,15.649999618530272,15.649999618530272,29002500
2024-05-23,CCL,15.649999618530272,15.739999771118164,14.770000457763672,14.779999732971191,14.779999732971191,33957700
2024-05-24,CCL,14.8100004196167,15.140000343322754,14.800000190734863,15.130000114440918,15.130000114440918,21930800
2024-05-28,CCL,15.199999809265137,15.699999809265137,15.18000030517578,15.649999618530272,15.649999618530272,27374300
2024-05-29,CCL,15.210000038146973,15.300000190734863,14.739999771118164,15.220000267028809,15.220000267028809,37684800
2024-05-30,CCL,15.229999542236328,15.449999809265137,15.079999923706056,15.199999809265137,15.199999809265137,27430100
2024-05-31,CCL,15.300000190734863,15.43000030517578,14.960000038146973,15.079999923706056,15.079999923706056,27997800
2024-06-03,CCL,15.210000038146973,16.040000915527344,15.199999809265137,16.010000228881836,16.010000228881836,43854800
2024-06-04,CCL,16.170000076293945,16.959999084472656,16.139999389648438,16.940000534057617,16.940000534057617,51622200
2024-06-05,CCL,17.0,17.059999465942383,16.559999465942383,16.950000762939453,16.950000762939453,29171100
2024-06-06,CCL,16.889999389648438,17.06999969482422,16.56999969482422,16.6200008392334,16.6200008392334,23698600
2024-06-07,CCL,16.440000534057617,16.75,16.40999984741211,16.700000762939453,16.700000762939453,17319800
2024-06-10,CCL,16.59000015258789,16.84000015258789,16.360000610351562,16.530000686645508,16.530000686645508,16632000
2024-06-11,CCL,16.489999771118164,16.5,16.229999542236328,16.34000015258789,16.34000015258789,13762600
2024-06-12,CCL,16.75,17.030000686645508,16.700000762939453,16.739999771118164,16.739999771118164,25555900
2024-06-13,CCL,16.68000030517578,16.700000762939453,16.270000457763672,16.510000228881836,16.510000228881836,21689200
2024-06-14,CCL,16.170000076293945,16.229999542236328,15.039999961853027,15.34000015258789,15.34000015258789,56577700
2024-06-17,CCL,15.260000228881836,15.779999732971191,14.979999542236328,15.6899995803833,15.6899995803833,25057400
2024-06-18,CCL,16.100000381469727,16.270000457763672,15.8100004196167,15.949999809265137,15.949999809265137,28003700
2024-06-20,CCL,15.75,16.149999618530273,15.699999809265137,16.059999465942383,16.059999465942383,21089900
2024-06-21,CCL,15.9399995803833,16.100000381469727,15.770000457763672,16.06999969482422,16.06999969482422,24785100
2024-06-24,CCL,16.290000915527344,16.5,16.0,16.389999389648438,16.389999389648438,38154600
2024-06-25,CCL,17.020000457763672,18.010000228881836,16.65999984741211,17.81999969482422,17.81999969482422,105894500
2024-06-26,CCL,17.899999618530273,18.5,17.790000915527344,18.3700008392334,18.3700008392334,55127800
2024-06-27,CCL,18.489999771118164,18.65999984741211,18.1299991607666,18.61000061035156,18.61000061035156,38085600
2024-06-28,CCL,18.6299991607666,18.920000076293945,18.56999969482422,18.71999931335449,18.71999931335449,34277000
2024-07-01,CCL,18.64999961853028,18.739999771118164,17.459999084472656,17.709999084472656,17.709999084472656,41781100
2024-07-02,CCL,17.670000076293945,17.989999771118164,17.510000228881836,17.559999465942383,17.559999465942383,24523800
2024-07-03,CCL,17.559999465942383,17.59000015258789,17.31999969482422,17.450000762939453,17.450000762939453,14095400
2024-07-05,CCL,17.530000686645508,17.540000915527344,17.010000228881836,17.209999084472656,17.209999084472656,25550000
2024-07-08,CCL,17.329999923706055,17.8799991607666,17.329999923706055,17.559999465942383,17.559999465942383,29603500
2024-07-09,CCL,17.510000228881836,18.11000061035156,17.5,17.899999618530273,17.899999618530273,26254200
2024-07-10,CCL,18.1200008392334,18.170000076293945,17.729999542236328,17.739999771118164,17.739999771118164,22307800
2024-07-11,CCL,17.68000030517578,18.14999961853028,17.309999465942383,18.1200008392334,18.1200008392334,30702600
2024-07-12,CCL,18.14999961853028,18.56999969482422,18.14999961853028,18.229999542236328,18.229999542236328,22504500
2024-07-15,CCL,18.299999237060547,18.34000015258789,17.790000915527344,18.31999969482422,18.31999969482422,25269100
2024-07-16,CCL,18.39999961853028,19.239999771118164,18.3799991607666,19.18000030517578,19.18000030517578,28752600
2024-07-17,CCL,18.68000030517578,19.1200008392334,18.39999961853028,18.39999961853028,18.39999961853028,30846600
2024-07-18,CCL,18.459999084472656,18.700000762939453,18.100000381469727,18.25,18.25,20659600
2024-07-19,CCL,18.290000915527344,18.5,18.15999984741211,18.43000030517578,18.43000030517578,13619900
2024-07-22,CCL,18.39999961853028,18.739999771118164,18.200000762939453,18.420000076293945,18.420000076293945,21676000
2024-07-23,CCL,18.51000022888184,19.479999542236328,18.459999084472656,19.06999969482422,19.06999969482422,35636000
2024-07-24,CCL,18.8700008392334,19.030000686645508,18.18000030517578,18.190000534057617,18.190000534057617,28171400
2024-07-25,CCL,18.15999984741211,18.15999984741211,17.079999923706055,17.100000381469727,17.100000381469727,34773400
2024-07-26,CCL,17.3799991607666,17.510000228881836,17.1200008392334,17.270000457763672,17.270000457763672,20816900
2024-07-29,CCL,17.34000015258789,17.540000915527344,17.030000686645508,17.25,17.25,16795900
2024-07-30,CCL,17.329999923706055,17.399999618530273,17.06999969482422,17.1200008392334,17.1200008392334,20316800
2024-07-31,CCL,17.43000030517578,17.530000686645508,16.649999618530273,16.65999984741211,16.65999984741211,38380700
2024-08-01,CCL,16.790000915527344,16.860000610351562,15.479999542236328,15.760000228881836,15.760000228881836,41570900
2024-08-02,CCL,15.15999984741211,15.199999809265137,14.630000114440918,14.800000190734863,14.800000190734863,44420000
2024-08-05,CCL,13.869999885559082,14.710000038146973,13.779999732971191,14.399999618530272,14.399999618530272,35572300
2024-08-06,CCL,14.449999809265137,15.039999961853027,14.4399995803833,14.539999961853027,14.539999961853027,32738600
2024-08-07,CCL,14.800000190734863,14.84000015258789,13.949999809265137,14.010000228881836,14.010000228881836,29573300
2024-08-08,CCL,14.109999656677246,14.550000190734863,14.079999923706056,14.489999771118164,14.489999771118164,24132100
2024-08-09,CCL,14.489999771118164,14.850000381469728,14.489999771118164,14.770000457763672,14.770000457763672,26030000
2024-08-12,CCL,14.789999961853027,14.850000381469728,14.489999771118164,14.600000381469728,14.600000381469728,19250800
2024-08-13,CCL,14.800000190734863,14.90999984741211,14.5600004196167,14.869999885559082,14.869999885559082,18842800
2024-08-14,CCL,14.899999618530272,15.079999923706056,14.529999732971191,14.760000228881836,14.760000228881836,23097000
2024-08-15,CCL,15.0600004196167,15.789999961853027,15.039999961853027,15.739999771118164,15.739999771118164,32425400
2024-08-16,CCL,15.649999618530272,15.670000076293944,15.3100004196167,15.460000038146973,15.460000038146973,23514000
2024-08-19,CCL,15.489999771118164,15.670000076293944,15.420000076293944,15.600000381469728,15.600000381469728,17931300
2024-08-20,CCL,15.529999732971191,15.529999732971191,15.279999732971191,15.31999969482422,15.31999969482422,20241900
2024-08-21,CCL,15.40999984741211,15.609999656677246,15.300000190734863,15.489999771118164,15.489999771118164,13809500
2024-08-22,CCL,15.65999984741211,15.670000076293944,15.31999969482422,15.449999809265137,15.449999809265137,18683600
2024-08-23,CCL,15.520000457763672,16.75,15.470000267028809,16.610000610351562,16.610000610351562,42378900
2024-08-26,CCL,16.600000381469727,16.709999084472656,16.40999984741211,16.600000381469727,16.600000381469727,21673600
2024-08-27,CCL,16.549999237060547,17.3700008392334,16.510000228881836,17.040000915527344,17.040000915527344,30136600
2024-08-28,CCL,16.93000030517578,17.020000457763672,16.489999771118164,16.6299991607666,16.6299991607666,24878400
2024-08-29,CCL,16.790000915527344,16.8700008392334,16.510000228881836,16.540000915527344,16.540000915527344,22800000
2024-08-30,CCL,16.6200008392334,16.790000915527344,16.25,16.5,16.5,20664200
2024-09-03,CCL,16.299999237060547,16.790000915527344,16.200000762939453,16.34000015258789,16.34000015258789,23606100
2024-09-04,CCL,16.229999542236328,16.520000457763672,15.989999771118164,16.149999618530273,16.149999618530273,18999300
2024-09-05,CCL,16.299999237060547,16.59000015258789,16.06999969482422,16.149999618530273,16.149999618530273,15078900
2024-09-06,CCL,16.209999084472656,16.459999084472656,15.5,15.670000076293944,15.670000076293944,24505600
2024-09-09,CCL,15.880000114440918,16.200000762939453,15.850000381469728,16.030000686645508,16.030000686645508,21478400
2024-09-10,CCL,16.1299991607666,16.170000076293945,15.489999771118164,16.139999389648438,16.139999389648438,17919700
2024-09-11,CCL,16.110000610351562,16.549999237060547,15.880000114440918,16.540000915527344,16.540000915527344,31864300
2024-09-12,CCL,16.639999389648438,17.170000076293945,16.610000610351562,16.920000076293945,16.920000076293945,27585200
2024-09-13,CCL,17.010000228881836,17.489999771118164,17.0,17.260000228881836,17.260000228881836,23340800
2024-09-16,CCL,17.3700008392334,17.940000534057617,17.270000457763672,17.829999923706055,17.829999923706055,27539900
2024-09-17,CCL,18.040000915527344,18.18000030517578,17.8700008392334,18.030000686645508,18.030000686645508,24716400
2024-09-18,CCL,18.1299991607666,18.739999771118164,18.1299991607666,18.36000061035156,18.36000061035156,30907100
2024-09-19,CCL,18.93000030517578,18.989999771118164,18.6200008392334,18.76000022888184,18.76000022888184,25872300
2024-09-20,CCL,18.700000762939453,19.09000015258789,18.549999237060547,19.0,19.0,36581200
2024-09-23,CCL,19.0,19.020000457763672,18.709999084472656,18.96999931335449,18.96999931335449,27346800
2024-09-24,CCL,19.0,19.01000022888184,18.3700008392334,18.729999542236328,18.729999542236328,32022100
2024-09-25,CCL,18.670000076293945,18.68000030517578,17.989999771118164,18.040000915527344,18.040000915527344,32886900
2024-09-26,CCL,18.43000030517578,18.89999961853028,18.3799991607666,18.68000030517578,18.68000030517578,31889000
2024-09-27,CCL,18.799999237060547,18.8700008392334,18.479999542236328,18.540000915527344,18.540000915527344,34530800
2024-09-30,CCL,18.670000076293945,18.71999931335449,17.329999923706055,18.479999542236328,18.479999542236328,68527300
2024-10-01,CCL,18.700000762939453,18.81999969482422,17.6200008392334,18.020000457763672,18.020000457763672,45154300
2024-10-02,CCL,17.709999084472656,17.860000610351562,17.479999542236328,17.709999084472656,17.709999084472656,29643700
2024-10-03,CCL,17.43000030517578,17.700000762939453,17.110000610351562,17.34000015258789,17.34000015258789,31611000
2024-10-04,CCL,17.68000030517578,18.14999961853028,17.549999237060547,18.020000457763672,18.020000457763672,31705200
2024-10-07,CCL,17.989999771118164,18.420000076293945,17.829999923706055,18.010000228881836,18.010000228881836,31436400
2024-10-08,CCL,18.07999992370605,18.989999771118164,18.06999969482422,18.8700008392334,18.8700008392334,35723400
2024-10-09,CCL,19.14999961853028,20.450000762939453,19.09000015258789,20.200000762939453,20.200000762939453,70901700
2024-10-10,CCL,19.86000061035156,20.5,19.71999931335449,20.38999938964844,20.38999938964844,38703100
2024-10-11,CCL,20.459999084472656,20.809999465942383,20.36000061035156,20.43000030517578,20.43000030517578,28855400
2024-10-14,CCL,20.32999992370605,20.43000030517578,19.96999931335449,20.209999084472656,20.209999084472656,27465900
2024-10-15,CCL,20.780000686645508,21.799999237060547,20.76000022888184,21.549999237060547,21.549999237060547,46916700
2024-10-16,CCL,21.56999969482422,21.670000076293945,21.290000915527344,21.39999961853028,21.39999961853028,22859800
2024-10-17,CCL,21.6200008392334,21.780000686645508,21.229999542236328,21.40999984741211,21.40999984741211,20065300
2024-10-18,CCL,21.36000061035156,21.420000076293945,21.049999237060547,21.31999969482422,21.31999969482422,17996300
2024-10-21,CCL,21.25,21.3799991607666,21.030000686645508,21.280000686645508,21.280000686645508,17595600
2024-10-22,CCL,21.170000076293945,21.559999465942383,20.780000686645508,21.450000762939453,21.450000762939453,19644100
2024-10-23,CCL,21.280000686645508,21.39999961853028,20.81999969482422,21.0,21.0,15934800
2024-10-24,CCL,21.049999237060547,21.25,20.61000061035156,20.90999984741211,20.90999984741211,15605400
2024-10-25,CCL,20.979999542236328,21.059999465942383,20.739999771118164,20.90999984741211,20.90999984741211,16284000
2024-10-28,CCL,21.71999931335449,22.38999938964844,21.549999237060547,21.920000076293945,21.920000076293945,32073400
2024-10-29,CCL,21.46999931335449,22.350000381469727,21.43000030517578,22.100000381469727,22.100000381469727,27969800
2024-10-30,CCL,21.920000076293945,22.299999237060547,21.71999931335449,22.15999984741211,22.15999984741211,23747300
2024-10-31,CCL,22.489999771118164,23.049999237060547,21.90999984741211,22.0,22.0,32433300
2024-11-01,CCL,22.0,22.14999961853028,21.75,21.89999961853028,21.89999961853028,23499000
2024-11-04,CCL,21.799999237060547,22.209999084472656,21.549999237060547,21.90999984741211,21.90999984741211,16784900
2024-11-05,CCL,21.940000534057617,22.670000076293945,21.940000534057617,22.450000762939453,22.450000762939453,17652300
2024-11-06,CCL,23.6299991607666,24.34000015258789,23.51000022888184,24.229999542236328,24.229999542236328,48011000
2024-11-07,CCL,23.82999992370605,24.190000534057617,23.68000030517578,23.68000030517578,23.68000030517578,24617800
2024-11-08,CCL,23.700000762939453,24.40999984741211,23.670000076293945,24.06999969482422,24.06999969482422,18979500
2024-11-11,CCL,24.5,24.729999542236328,24.01000022888184,24.600000381469727,24.600000381469727,20466800
2024-11-12,CCL,24.21999931335449,24.780000686645508,24.209999084472656,24.59000015258789,24.59000015258789,18197400
2024-11-13,CCL,24.57999992370605,24.82999992370605,24.31999969482422,24.549999237060547,24.549999237060547,17563900
2024-11-14,CCL,24.56999969482422,24.989999771118164,24.26000022888184,24.309999465942383,24.309999465942383,20945300
2024-11-15,CCL,24.01000022888184,24.40999984741211,23.920000076293945,24.309999465942383,24.309999465942383,18241900
2024-11-18,CCL,24.21999931335449,24.63999938964844,23.950000762939453,24.51000022888184,24.51000022888184,24142300
2024-11-19,CCL,24.0,25.21999931335449,23.86000061035156,25.1299991607666,25.1299991607666,27670700
2024-11-20,CCL,25.18000030517578,25.450000762939453,24.88999938964844,25.07999992370605,25.07999992370605,14496000
2024-11-21,CCL,25.1299991607666,25.600000381469727,25.0,25.350000381469727,25.350000381469727,19109500
2024-11-22,CCL,25.350000381469727,25.57999992370605,24.850000381469727,24.89999961853028,24.89999961853028,32540400
2024-11-25,CCL,25.200000762939453,25.440000534057617,25.049999237060547,25.190000534057617,25.190000534057617,24680900
2024-11-26,CCL,25.07999992370605,25.799999237060547,24.96999931335449,25.34000015258789,25.34000015258789,20993100
2024-11-27,CCL,25.350000381469727,25.520000457763672,25.13999938964844,25.13999938964844,25.13999938964844,9131300
2024-11-29,CCL,25.270000457763672,25.57999992370605,25.26000022888184,25.43000030517578,25.43000030517578,8047700
2024-12-02,CCL,25.670000076293945,26.65999984741211,25.6299991607666,25.989999771118164,25.989999771118164,21179700
2024-12-03,CCL,26.09000015258789,26.56999969482422,25.93000030517578,26.11000061035156,26.11000061035156,19172800
2024-12-04,CCL,26.26000022888184,26.790000915527344,26.26000022888184,26.780000686645508,26.780000686645508,19191500
2024-12-05,CCL,26.989999771118164,27.170000076293945,26.420000076293945,26.450000762939453,26.450000762939453,21657700
2024-12-06,CCL,26.489999771118164,26.64999961853028,25.88999938964844,26.61000061035156,26.61000061035156,18633200
2024-12-09,CCL,26.559999465942383,26.600000381469727,25.32999992370605,25.38999938964844,25.38999938964844,19616000
2024-12-10,CCL,25.959999084472656,26.36000061035156,25.63999938964844,25.82999992370605,25.82999992370605,18652700
2024-12-11,CCL,25.93000030517578,26.6200008392334,25.93000030517578,26.61000061035156,26.61000061035156,15172100
2024-12-12,CCL,26.5,26.780000686645508,26.18000030517578,26.18000030517578,26.18000030517578,15743800
2024-12-13,CCL,26.290000915527344,26.40999984741211,25.780000686645508,25.89999961853028,25.89999961853028,13799100
2024-12-16,CCL,26.280000686645508,26.459999084472656,25.850000381469727,25.90999984741211,25.90999984741211,15710900
2024-12-17,CCL,25.8700008392334,25.989999771118164,25.39999961853028,25.71999931335449,25.71999931335449,17328000
2024-12-18,CCL,26.11000061035156,26.190000534057617,24.549999237060547,24.81999969482422,24.81999969482422,21896700
2024-12-19,CCL,25.0,25.450000762939453,24.770000457763672,25.18000030517578,25.18000030517578,21381700
2024-12-20,CCL,25.780000686645508,27.13999938964844,25.440000534057617,26.799999237060547,26.799999237060547,61015000
2024-12-23,CCL,26.520000457763672,26.540000915527344,25.26000022888184,25.729999542236328,25.729999542236328,35169600
2024-12-24,CCL,26.0,26.049999237060547,25.420000076293945,25.790000915527344,25.790000915527344,10234900
2024-12-26,CCL,25.479999542236328,25.82999992370605,25.3700008392334,25.65999984741211,25.65999984741211,12363700
2024-12-27,CCL,25.40999984741211,25.540000915527344,24.88999938964844,25.07999992370605,25.07999992370605,14967400
2024-12-30,CCL,24.540000915527344,25.350000381469727,24.309999465942383,25.049999237060547,25.049999237060547,15497600
2024-12-31,CCL,24.86000061035156,25.3799991607666,24.86000061035156,24.920000076293945,24.920000076293945,10363500
2025-01-02,CCL,25.1299991607666,25.39999961853028,24.600000381469727,25.01000022888184,25.01000022888184,26418700
2025-01-03,CCL,25.030000686645508,25.100000381469727,23.93000030517578,24.3799991607666,24.3799991607666,20575500
2025-01-06,CCL,24.64999961853028,24.739999771118164,24.059999465942383,24.1299991607666,24.1299991607666,20057300
2025-01-07,CCL,24.07999992370605,24.170000076293945,23.270000457763672,23.84000015258789,23.84000015258789,23142500
2025-01-08,CCL,23.51000022888184,24.270000457763672,23.39999961853028,24.18000030517578,24.18000030517578,18531000
2025-01-10,CCL,23.549999237060547,24.520000457763672,23.34000015258789,24.270000457763672,24.270000457763672,20698600
2025-01-13,CCL,23.729999542236328,24.18000030517578,23.559999465942383,23.88999938964844,23.88999938964844,16174100
2025-01-14,CCL,24.07999992370605,24.59000015258789,23.82999992370605,24.51000022888184,24.51000022888184,16470100
2025-01-15,CCL,25.21999931335449,25.280000686645508,24.670000076293945,24.940000534057617,24.940000534057617,27603600
2025-01-16,CCL,24.90999984741211,25.11000061035156,24.59000015258789,25.049999237060547,25.049999237060547,14694700
2025-01-17,CCL,25.200000762939453,26.11000061035156,25.170000076293945,25.850000381469727,25.850000381469727,21345400
2025-01-21,CCL,26.440000534057617,26.770000457763672,25.530000686645508,25.600000381469727,25.600000381469727,30257400
2025-01-22,CCL,25.8700008392334,25.920000076293945,25.11000061035156,25.25,25.25,16706300
2025-01-23,CCL,25.25,25.64999961853028,24.950000762939453,25.61000061035156,25.61000061035156,15381900
2025-01-24,CCL,25.520000457763672,25.739999771118164,25.350000381469727,25.420000076293945,25.420000076293945,17631700
2025-01-27,CCL,25.01000022888184,25.8700008392334,24.8799991607666,25.68000030517578,25.68000030517578,17600300
2025-01-28,CCL,25.790000915527344,27.81999969482422,25.76000022888184,27.770000457763672,27.770000457763672,37778500
2025-01-29,CCL,27.770000457763672,28.1200008392334,27.3700008392334,27.90999984741211,27.90999984741211,39258100
2025-01-30,CCL,28.15999984741211,28.5,28.01000022888184,28.489999771118164,28.489999771118164,19956000
2025-01-31,CCL,28.530000686645508,28.71999931335449,27.600000381469727,27.670000076293945,27.670000076293945,18005900
2025-02-03,CCL,26.520000457763672,27.530000686645508,26.270000457763672,27.049999237060547,27.049999237060547,18261600
2025-02-04,CCL,27.18000030517578,27.34000015258789,26.61000061035156,27.09000015258789,27.09000015258789,18287100
2025-02-05,CCL,27.290000915527344,27.59000015258789,26.739999771118164,27.190000534057617,27.190000534057617,13072200
2025-02-06,CCL,27.280000686645508,27.56999969482422,26.940000534057617,27.440000534057617,27.440000534057617,14071200
2025-02-07,CCL,27.540000915527344,27.81999969482422,26.670000076293945,26.75,26.75,15149200
2025-02-10,CCL,26.75,26.93000030517578,26.01000022888184,26.100000381469727,26.100000381469727,14713100
2025-02-11,CCL,25.799999237060547,25.850000381469727,25.32999992370605,25.61000061035156,25.61000061035156,14040800
2025-02-12,CCL,25.200000762939453,25.89999961853028,25.059999465942383,25.88999938964844,25.88999938964844,13942600
2025-02-13,CCL,25.989999771118164,26.34000015258789,25.3799991607666,25.86000061035156,25.86000061035156,14560100
2025-02-14,CCL,25.979999542236328,26.25,25.479999542236328,26.229999542236328,26.229999542236328,12164800
2025-02-18,CCL,26.14999961853028,26.38999938964844,25.3799991607666,25.729999542236328,25.729999542236328,22472200
2025-02-19,CCL,25.530000686645508,26.100000381469727,25.200000762939453,26.09000015258789,26.09000015258789,13325400
2025-02-20,CCL,25.59000015258789,25.68000030517578,23.420000076293945,24.559999465942383,24.559999465942383,52245800
2025-02-21,CCL,24.700000762939453,24.700000762939453,22.81999969482422,23.21999931335449,23.21999931335449,31226400
2025-02-24,CCL,23.71999931335449,24.049999237060547,23.26000022888184,23.6299991607666,23.6299991607666,21830700
2025-02-25,CCL,24.07999992370605,24.11000061035156,23.309999465942383,23.739999771118164,23.739999771118164,19622200
2025-02-26,CCL,24.07999992370605,24.600000381469727,23.81999969482422,24.1200008392334,24.1200008392334,12983300
2025-02-27,CCL,24.40999984741211,24.56999969482422,23.229999542236328,23.5,23.5,18890600
2025-02-28,CCL,23.549999237060547,23.950000762939453,23.280000686645508,23.93000030517578,23.93000030517578,16216900
2025-03-03,CCL,23.81999969482422,24.46999931335449,23.020000457763672,23.26000022888184,23.26000022888184,18349000
2025-03-04,CCL,22.530000686645508,22.64999961853028,21.440000534057617,21.90999984741211,21.90999984741211,44502500
2025-03-05,CCL,22.049999237060547,22.3700008392334,21.729999542236328,22.34000015258789,22.34000015258789,28569300
2025-03-06,CCL,21.559999465942383,21.8700008392334,20.799999237060547,20.8700008392334,20.8700008392334,26983500
2025-03-07,CCL,20.86000061035156,20.86000061035156,19.82999992370605,20.63999938964844,20.63999938964844,34604900
2025-03-10,CCL,19.959999084472656,20.0,18.65999984741211,19.07999992370605,19.07999992370605,41514100
2025-03-11,CCL,18.88999938964844,19.200000762939453,18.15999984741211,19.100000381469727,19.100000381469727,46610200
2025-03-12,CCL,19.440000534057617,19.950000762939453,19.21999931335449,19.5,19.5,30901500
2025-03-13,CCL,19.520000457763672,19.790000915527344,18.780000686645508,19.1200008392334,19.1200008392334,28369700
2025-03-14,CCL,19.40999984741211,19.940000534057617,19.25,19.920000076293945,19.920000076293945,22467900
2025-03-17,CCL,20.270000457763672,21.020000457763672,20.25,20.88999938964844,20.88999938964844,27688100
2025-03-18,CCL,20.59000015258789,20.739999771118164,19.86000061035156,20.1200008392334,20.1200008392334,26922300
2025-03-19,CCL,20.299999237060547,21.3700008392334,20.270000457763672,21.049999237060547,21.049999237060547,31084000
2025-03-20,CCL,20.739999771118164,21.559999465942383,20.729999542236328,21.200000762939453,21.200000762939453,29910600
2025-03-21,CCL,20.38999938964844,21.530000686645508,19.81999969482422,20.940000534057617,20.940000534057617,59554700
2025-03-24,CCL,21.530000686645508,21.75,21.049999237060547,21.440000534057617,21.440000534057617,21696800
2025-03-25,CCL,21.56999969482422,21.780000686645508,21.049999237060547,21.26000022888184,21.26000022888184,18816800
2025-03-26,CCL,21.170000076293945,21.38999938964844,20.75,20.93000030517578,20.93000030517578,15994700
2025-03-27,CCL,20.75,21.170000076293945,20.530000686645508,20.780000686645508,20.780000686645508,14326900
2025-03-28,CCL,20.700000762939453,20.700000762939453,19.65999984741211,19.8700008392334,19.8700008392334,18880900
2025-03-31,CCL,19.15999984741211,19.68000030517578,18.770000457763672,19.530000686645508,19.530000686645508,25028400
2025-04-01,CCL,19.600000381469727,19.670000076293945,18.86000061035156,19.38999938964844,19.38999938964844,20870100
2025-04-02,CCL,19.030000686645508,20.049999237060547,19.030000686645508,20.020000457763672,20.020000457763672,20897000
2025-04-03,CCL,18.40999984741211,18.450000762939453,17.25,17.280000686645508,17.280000686645508,46293300
2025-04-04,CCL,16.489999771118164,16.739999771118164,15.609999656677246,16.5,16.5,39839300
2025-04-07,CCL,15.329999923706056,17.450000762939453,15.06999969482422,16.43000030517578,16.43000030517578,41421800
2025-04-08,CCL,17.780000686645508,18.0,16.34000015258789,16.690000534057617,16.690000534057617,42041100
2025-04-09,CCL,16.770000457763672,19.979999542236328,16.610000610351562,19.61000061035156,19.61000061035156,66939000
2025-04-10,CCL,18.31999969482422,18.600000381469727,17.079999923706055,17.600000381469727,17.600000381469727,47116900
2025-04-11,CCL,17.520000457763672,17.81999969482422,17.100000381469727,17.639999389648438,17.639999389648438,18749000
2025-04-14,CCL,18.280000686645508,18.3799991607666,17.420000076293945,17.81999969482422,17.81999969482422,21774700
2025-04-15,CCL,17.920000076293945,18.030000686645508,17.59000015258789,18.0,18.0,22760900
2025-04-16,CCL,17.850000381469727,18.25,17.520000457763672,17.8700008392334,17.8700008392334,21109300
2025-04-17,CCL,17.889999389648438,18.21999931335449,17.690000534057617,17.989999771118164,17.989999771118164,17701900
2025-04-21,CCL,17.59000015258789,17.84000015258789,17.049999237060547,17.239999771118164,17.239999771118164,18735400
2025-04-22,CCL,17.549999237060547,17.989999771118164,17.469999313354492,17.979999542236328,17.979999542236328,18510400
2025-04-23,CCL,18.8799991607666,19.520000457763672,18.39999961853028,18.479999542236328,18.479999542236328,21605300
2025-04-24,CCL,18.43000030517578,18.799999237060547,18.309999465942383,18.700000762939453,18.700000762939453,17254700
2025-04-25,CCL,18.700000762939453,18.8799991607666,18.38999938964844,18.600000381469727,18.600000381469727,14859300
2025-04-28,CCL,18.84000015258789,19.32999992370605,18.729999542236328,18.86000061035156,18.86000061035156,18025400
2025-04-29,CCL,19.170000076293945,19.21999931335449,18.309999465942383,18.709999084472656,18.709999084472656,30363300
2025-04-30,CCL,17.790000915527344,18.350000381469727,17.329999923706055,18.34000015258789,18.34000015258789,31787800
2025-05-01,CCL,18.68000030517578,18.799999237060547,18.51000022888184,18.6299991607666,18.6299991607666,20649000
2025-05-02,CCL,19.040000915527344,19.63999938964844,19.020000457763672,19.56999969482422,19.56999969482422,27621700
2025-05-05,CCL,19.1200008392334,19.88999938964844,19.059999465942383,19.559999465942383,19.559999465942383,16771300
2025-05-06,CCL,19.21999931335449,19.71999931335449,19.21999931335449,19.530000686645508,19.530000686645508,15400400
2025-05-07,CCL,19.709999084472656,20.01000022888184,19.440000534057617,19.690000534057617,19.690000534057617,23037000
2025-05-08,CCL,19.979999542236328,20.5,19.89999961853028,20.25,20.25,30449300
2025-05-09,CCL,20.229999542236328,20.3700008392334,19.920000076293945,20.190000534057617,20.190000534057617,17379300
2025-05-12,CCL,21.59000015258789,22.36000061035156,21.549999237060547,22.1299991607666,22.1299991607666,43025800
2025-05-13,CCL,22.21999931335449,22.780000686645508,21.979999542236328,22.739999771118164,22.739999771118164,27784500
2025-05-14,CCL,22.71999931335449,23.229999542236328,22.700000762939453,22.989999771118164,22.989999771118164,28264100
2025-05-15,CCL,22.75,23.11000061035156,22.5,23.0,23.0,25853400
2025-05-16,CCL,23.26000022888184,23.459999084472656,23.049999237060547,23.38999938964844,23.38999938964844,18741000
2025-05-19,CCL,22.979999542236328,23.40999984741211,22.75,23.38999938964844,23.38999938964844,19197100
2025-05-20,CCL,22.96999931335449,23.09000015258789,22.600000381469727,22.89999961853028,22.89999961853028,18785200
2025-05-21,CCL,22.530000686645508,22.600000381469727,21.84000015258789,22.040000915527344,22.040000915527344,22318800
2025-05-22,CCL,22.049999237060547,22.540000915527344,22.030000686645508,22.43000030517578,22.43000030517578,15231000
2025-05-23,CCL,21.729999542236328,22.299999237060547,21.6200008392334,22.25,22.25,15876600
2025-05-27,CCL,22.59000015258789,23.670000076293945,22.59000015258789,23.600000381469727,23.600000381469727,27592600
2025-05-28,CCL,23.440000534057617,23.450000762939453,22.959999084472656,23.0,23.0,18060800
2025-05-29,CCL,23.049999237060547,23.34000015258789,22.920000076293945,23.15999984741211,23.15999984741211,14925700
2025-05-30,CCL,23.049999237060547,23.34000015258789,22.89999961853028,23.21999931335449,23.21999931335449,22350600
2025-06-02,CCL,23.06999969482422,23.59000015258789,22.89999961853028,23.540000915527344,23.540000915527344,19914900
2025-06-03,CCL,23.61000061035156,24.030000686645508,23.479999542236328,23.93000030517578,23.93000030517578,21199700
2025-06-04,CCL,23.920000076293945,24.01000022888184,23.59000015258789,23.82999992370605,23.82999992370605,21135600
2025-06-05,CCL,23.770000457763672,24.39999961853028,23.68000030517578,24.020000457763672,24.020000457763672,23975700
2025-06-06,CCL,24.290000915527344,24.31999969482422,24.0,24.280000686645508,24.280000686645508,16655100
2025-06-09,CCL,24.459999084472656,24.65999984741211,24.15999984741211,24.209999084472656,24.209999084472656,17924500
2025-06-10,CCL,24.26000022888184,24.520000457763672,24.1200008392334,24.51000022888184,24.51000022888184,14021800
2025-06-11,CCL,24.61000061035156,24.6299991607666,23.780000686645508,23.8700008392334,23.8700008392334,21334500
2025-06-12,CCL,23.57999992370605,23.739999771118164,23.239999771118164,23.56999969482422,23.56999969482422,22811700
2025-06-13,CCL,22.280000686645508,22.82999992370605,22.11000061035156,22.40999984741211,22.40999984741211,36875900
2025-06-16,CCL,23.11000061035156,23.850000381469727,22.88999938964844,23.84000015258789,23.84000015258789,32993500
2025-06-17,CCL,23.63999938964844,23.950000762939453,23.200000762939453,23.280000686645508,23.280000686645508,25124100
2025-06-18,CCL,23.190000534057617,23.809999465942383,23.190000534057617,23.61000061035156,23.61000061035156,19275500
2025-06-20,CCL,23.780000686645508,23.89999961853028,23.6299991607666,23.770000457763672,23.770000457763672,23641100
2025-06-23,CCL,23.350000381469727,24.100000381469727,22.57999992370605,24.040000915527344,24.040000915527344,43972100
2025-06-24,CCL,25.06999969482422,26.530000686645508,24.950000762939453,25.700000762939453,25.700000762939453,70082400
2025-06-25,CCL,25.780000686645508,25.799999237060547,25.229999542236328,25.479999542236328,25.479999542236328,27543700
2025-06-26,CCL,25.709999084472656,26.270000457763672,25.530000686645508,26.170000076293945,26.170000076293945,29096500
2025-06-27,CCL,26.36000061035156,27.350000381469727,26.209999084472656,27.26000022888184,27.26000022888184,46846200
2025-06-30,CCL,27.36000061035156,28.18000030517578,27.18000030517578,28.1200008392334,28.1200008392334,32239400
2025-07-01,CCL,28.07999992370605,28.82999992370605,28.06999969482422,28.63999938964844,28.63999938964844,35589200
2025-07-02,CCL,28.6299991607666,29.71999931335449,28.6200008392334,29.64999961853028,29.64999961853028,33758000
2025-07-03,CCL,29.790000915527344,30.239999771118164,29.65999984741211,29.959999084472656,29.959999084472656,20052800
2025-07-07,CCL,29.780000686645508,30.459999084472656,28.959999084472656,29.309999465942383,29.309999465942383,45731600
2025-07-08,CCL,29.6200008392334,29.739999771118164,28.799999237060547,28.84000015258789,28.84000015258789,26835500
2025-07-09,CCL,29.200000762939453,29.290000915527344,28.729999542236328,28.82999992370605,28.82999992370605,23875300
2025-07-10,CCL,29.059999465942383,29.40999984741211,28.940000534057617,29.100000381469727,29.100000381469727,22868400
2025-07-11,CCL,29.059999465942383,29.190000534057617,28.64999961853028,28.65999984741211,28.65999984741211,14579200
2025-07-14,CCL,28.65999984741211,29.3799991607666,28.59000015258789,29.31999969482422,29.31999969482422,16150000
2025-07-15,CCL,29.229999542236328,29.290000915527344,28.61000061035156,28.96999931335449,28.96999931335449,18347500
2025-07-16,CCL,29.270000457763672,29.51000022888184,28.82999992370605,29.040000915527344,29.040000915527344,17907800
2025-07-17,CCL,29.350000381469727,29.51000022888184,28.8799991607666,29.450000762939453,29.450000762939453,18769900
2025-07-18,CCL,29.549999237060547,29.63999938964844,29.26000022888184,29.549999237060547,29.549999237060547,17147500
2025-07-21,CCL,29.71999931335449,30.229999542236328,29.65999984741211,29.790000915527344,29.790000915527344,17523800
2025-07-22,CCL,29.959999084472656,30.06999969482422,29.25,29.88999938964844,29.88999938964844,12900600
2025-07-23,CCL,30.299999237060547,31.01000022888184,30.290000915527344,30.739999771118164,30.739999771118164,22087400
2025-07-24,CCL,30.450000762939453,30.520000457763672,29.739999771118164,29.780000686645508,29.780000686645508,16342100
2025-07-25,CCL,29.89999961853028,29.959999084472656,29.3799991607666,29.75,29.75,13068100
2025-07-28,CCL,29.82999992370605,29.8799991607666,29.479999542236328,29.729999542236328,29.729999542236328,15433000
2025-07-29,CCL,29.520000457763672,29.88999938964844,29.0,29.700000762939453,29.700000762939453,22569600
2025-07-30,CCL,29.940000534057617,30.43000030517578,29.670000076293945,30.13999938964844,30.13999938964844,25730700
2025-07-31,CCL,30.63999938964844,30.920000076293945,29.709999084472656,29.770000457763672,29.770000457763672,23139600
2025-08-01,CCL,29.040000915527344,29.190000534057617,28.06999969482422,29.06999969482422,29.06999969482422,26986600
2025-08-04,CCL,29.459999084472656,29.8700008392334,29.36000061035156,29.71999931335449,29.71999931335449,15609400
2025-08-05,CCL,29.979999542236328,30.0,28.93000030517578,29.280000686645508,29.280000686645508,12020000
2025-08-06,CCL,29.43000030517578,29.459999084472656,29.07999992370605,29.239999771118164,29.239999771118164,11524300
2025-08-07,CCL,29.61000061035156,29.709999084472656,28.63999938964844,29.01000022888184,29.01000022888184,15559200
2025-08-08,CCL,29.100000381469727,29.13999938964844,28.31999969482422,28.3700008392334,28.3700008392334,18063000
2025-08-11,CCL,28.200000762939453,28.850000381469727,28.1200008392334,28.61000061035156,28.61000061035156,13503900
2025-08-12,CCL,28.989999771118164,29.64999961853028,28.86000061035156,29.63999938964844,29.63999938964844,14826800
2025-08-13,CCL,29.71999931335449,30.65999984741211,29.700000762939453,30.63999938964844,30.63999938964844,22097800
2025-08-14,CCL,30.25,30.299999237060547,29.850000381469727,30.25,30.25,15950600
2025-08-15,CCL,30.270000457763672,30.290000915527344,29.57999992370605,29.76000022888184,29.76000022888184,10998200
2025-08-18,CCL,29.600000381469727,30.1200008392334,29.239999771118164,29.96999931335449,29.96999931335449,18898100
2025-08-19,CCL,29.920000076293945,29.920000076293945,29.39999961853028,29.56999969482422,29.56999969482422,13672900
2025-08-20,CCL,29.299999237060547,29.3799991607666,28.64999961853028,29.26000022888184,29.26000022888184,12257300
2025-08-21,CCL,29.100000381469727,29.479999542236328,28.8799991607666,29.270000457763672,29.270000457763672,10453200
2025-08-22,CCL,29.5,31.3799991607666,29.38999938964844,31.299999237060547,31.299999237060547,27206100
2025-08-25,CCL,31.11000061035156,31.3799991607666,30.96999931335449,31.25,31.25,15569700
2025-08-26,CCL,31.190000534057617,31.90999984741211,31.11000061035156,31.8700008392334,31.8700008392334,17354700
2025-08-27,CCL,31.770000457763672,32.400001525878906,31.770000457763672,32.34000015258789,32.34000015258789,21174600
2025-08-28,CCL,32.459999084472656,32.77000045776367,32.279998779296875,32.4900016784668,32.4900016784668,13455100
2025-08-29,CCL,32.290000915527344,32.619998931884766,31.75,31.88999938964844,31.88999938964844,14832500
2025-09-02,CCL,30.700000762939453,31.200000762939453,30.540000915527344,31.15999984741211,31.15999984741211,15255600
2025-09-03,CCL,31.21999931335449,31.75,31.0,31.32999992370605,31.32999992370605,12020500
2025-09-04,CCL,31.40999984741211,31.920000076293945,31.18000030517578,31.76000022888184,31.76000022888184,10765900
2025-09-05,CCL,32.0,32.2400016784668,31.36000061035156,31.56999969482422,31.56999969482422,12091700
2025-09-08,CCL,31.700000762939453,32.09000015258789,31.5,31.559999465942383,31.559999465942383,20390300
2025-09-09,CCL,31.459999084472656,32.06999969482422,31.07999992370605,31.56999969482422,31.56999969482422,13089300
2025-09-10,CCL,31.56999969482422,31.8799991607666,30.559999465942383,31.36000061035156,31.36000061035156,19089800
2025-09-11,CCL,31.51000022888184,32.79999923706055,31.489999771118164,32.470001220703125,32.470001220703125,22241400
2025-09-12,CCL,32.400001525878906,32.41999816894531,31.51000022888184,31.51000022888184,31.51000022888184,13004100
2025-09-15,CCL,31.520000457763672,31.540000915527344,30.709999084472656,31.239999771118164,31.239999771118164,25356700
2025-09-16,CCL,31.25,31.25,30.549999237060547,31.200000762939453,31.200000762939453,19976900
2025-09-17,CCL,31.38999938964844,31.57999992370605,30.76000022888184,31.190000534057617,31.190000534057617,18048300
2025-09-18,CCL,31.36000061035156,31.59000015258789,31.040000915527344,31.450000762939453,31.450000762939453,15543800
2025-09-19,CCL,31.61000061035156,31.71999931335449,30.280000686645508,30.520000457763672,30.520000457763672,33360000
2025-09-22,CCL,30.56999969482422,30.88999938964844,30.36000061035156,30.709999084472656,30.709999084472656,17155200
2025-09-23,CCL,31.309999465942383,31.670000076293945,30.600000381469727,30.709999084472656,30.709999084472656,21772600
2025-09-24,CCL,30.709999084472656,30.850000381469727,30.18000030517578,30.3700008392334,30.3700008392334,15228900
2025-09-25,CCL,30.06999969482422,30.729999542236328,29.920000076293945,30.479999542236328,30.479999542236328,24816900
2025-09-26,CCL,30.549999237060547,30.75,30.239999771118164,30.6200008392334,30.6200008392334,22456400
2025-09-29,CCL,32.209999084472656,32.5,28.81999969482422,29.39999961853028,29.39999961853028,102357500
2025-09-30,CCL,29.780000686645508,30.14999961853028,28.59000015258789,28.90999984741211,28.90999984741211,38967500
2025-10-01,CCL,28.8799991607666,29.11000061035156,28.31999969482422,28.36000061035156,28.36000061035156,29096900
2025-10-02,CCL,28.5,29.0,28.34000015258789,28.850000381469727,28.850000381469727,20949000
2025-10-03,CCL,29.0,29.239999771118164,28.46999931335449,28.56999969482422,28.56999969482422,23869100
2025-10-06,CCL,28.65999984741211,29.14999961853028,28.020000457763672,29.09000015258789,29.09000015258789,21702900
2025-10-07,CCL,29.020000457763672,29.030000686645508,27.940000534057617,28.709999084472656,28.709999084472656,24053600
2025-10-08,CCL,28.790000915527344,29.26000022888184,28.46999931335449,28.920000076293945,28.920000076293945,15208900
2025-10-09,CCL,29.170000076293945,29.229999542236328,28.309999465942383,28.450000762939453,28.450000762939453,13514400
2025-10-10,CCL,28.39999961853028,28.790000915527344,27.61000061035156,27.690000534057617,27.690000534057617,17265700
2025-10-13,CCL,28.209999084472656,28.520000457763672,27.8700008392334,28.09000015258789,28.09000015258789,13933500
2025-10-14,CCL,27.63999938964844,29.270000457763672,27.46999931335449,28.959999084472656,28.959999084472656,18603400
2025-10-15,CCL,29.1299991607666,29.39999961853028,28.729999542236328,28.84000015258789,28.84000015258789,13077100
2025-10-16,CCL,28.950000762939453,29.1200008392334,28.030000686645508,28.209999084472656,28.209999084472656,18101200
2025-10-17,CCL,27.979999542236328,28.56999969482422,27.71999931335449,28.309999465942383,28.309999465942383,16897400
2025-10-20,CCL,28.450000762939453,29.059999465942383,28.40999984741211,28.86000061035156,28.86000061035156,15392300
2025-10-21,CCL,28.989999771118164,30.020000457763672,28.809999465942383,29.96999931335449,29.96999931335449,19411400
2025-10-22,CCL,30.0,30.3700008392334,29.6299991607666,30.0,30.0,19819600
2025-10-23,CCL,29.76000022888184,30.100000381469727,29.25,29.440000534057617,29.440000534057617,19081400
2025-10-24,CCL,29.88999938964844,30.14999961853028,29.3700008392334,29.39999961853028,29.39999961853028,19776100
2025-10-27,CCL,29.700000762939453,29.88999938964844,29.049999237060547,29.420000076293945,29.420000076293945,19687500
2025-10-28,CCL,28.3700008392334,28.489999771118164,27.780000686645508,27.86000061035156,27.86000061035156,36340400
2025-10-29,CCL,27.799999237060547,28.40999984741211,27.65999984741211,27.8700008392334,27.8700008392334,32133800
2025-10-30,CCL,27.6200008392334,28.93000030517578,27.549999237060547,28.32999992370605,28.32999992370605,23362400
2025-10-31,CCL,28.25,28.979999542236328,28.020000457763672,28.82999992370605,28.82999992370605,44832700
2025-11-03,CCL,28.809999465942383,28.959999084472656,28.1299991607666,28.709999084472656,28.709999084472656,21219900
2025-11-04,CCL,27.0,27.309999465942383,25.90999984741211,26.11000061035156,26.11000061035156,39919000
2025-11-05,CCL,26.530000686645508,27.280000686645508,26.51000022888184,26.89999961853028,26.89999961853028,21405900
2025-11-06,CCL,26.68000030517578,27.030000686645508,26.290000915527344,26.3700008392334,26.3700008392334,16602400
2025-11-07,CCL,26.1299991607666,27.1299991607666,26.01000022888184,26.729999542236328,26.729999542236328,18927700
2025-11-10,CCL,27.09000015258789,27.43000030517578,26.670000076293945,26.88999938964844,26.88999938964844,21167200
2025-11-11,CCL,26.739999771118164,27.190000534057617,26.690000534057617,26.790000915527344,26.790000915527344,16090300
2025-11-12,CCL,26.920000076293945,27.81999969482422,26.8799991607666,27.1299991607666,27.1299991607666,17427300
2025-11-13,CCL,27.11000061035156,27.40999984741211,25.96999931335449,26.13999938964844,26.13999938964844,18128500
2025-11-14,CCL,25.71999931335449,26.170000076293945,25.290000915527344,26.020000457763672,26.020000457763672,14243700
2025-11-17,CCL,25.940000534057617,26.059999465942383,25.1200008392334,25.36000061035156,25.36000061035156,16530000
2025-11-18,CCL,25.3799991607666,26.01000022888184,25.299999237060547,25.76000022888184,25.76000022888184,17925300
2025-11-19,CCL,26.100000381469727,26.38999938964844,25.850000381469727,26.07999992370605,26.07999992370605,12727100
2025-11-20,CCL,26.36000061035156,26.6299991607666,25.290000915527344,25.31999969482422,25.31999969482422,21939900
2025-11-21,CCL,25.790000915527344,26.81999969482422,25.57999992370605,26.559999465942383,26.559999465942383,18027600
2025-11-24,CCL,26.729999542236328,26.86000061035156,24.600000381469727,24.76000022888184,24.76000022888184,42975800
2025-11-25,CCL,24.690000534057617,26.36000061035156,24.64999961853028,25.71999931335449,25.71999931335449,32096800
2025-11-26,CCL,25.93000030517578,25.950000762939453,25.43000030517578,25.43000030517578,25.43000030517578,30084200
2025-11-28,CCL,25.670000076293945,26.01000022888184,25.51000022888184,25.780000686645508,25.780000686645508,12260700
2025-12-01,CCL,25.63999938964844,25.979999542236328,25.40999984741211,25.93000030517578,25.93000030517578,17335300
2025-12-02,CCL,26.1200008392334,26.14999961853028,25.40999984741211,25.84000015258789,25.84000015258789,17932900
2025-12-03,CCL,25.82999992370605,26.14999961853028,25.530000686645508,26.040000915527344,26.040000915527344,20048800
2025-12-04,CCL,26.0,26.06999969482422,25.600000381469727,25.81999969482422,25.81999969482422,15680500
2025-12-05,CCL,25.93000030517578,26.040000915527344,25.65999984741211,25.8700008392334,25.8700008392334,10879900
2025-12-08,CCL,25.93000030517578,26.14999961853028,25.549999237060547,26.01000022888184,26.01000022888184,15756300
2025-12-09,CCL,25.68000030517578,25.86000061035156,25.270000457763672,25.51000022888184,25.51000022888184,17038500
2025-12-10,CCL,25.790000915527344,26.559999465942383,25.549999237060547,26.280000686645508,26.280000686645508,17622000
2025-12-11,CCL,26.3700008392334,28.09000015258789,26.3700008392334,27.84000015258789,27.84000015258789,24096700
2025-12-12,CCL,28.059999465942383,28.15999984741211,27.61000061035156,27.6200008392334,27.6200008392334,16421300
2025-12-15,CCL,28.11000061035156,28.809999465942383,27.920000076293945,28.600000381469727,28.600000381469727,21363700
2025-12-16,CCL,28.670000076293945,29.040000915527344,28.170000076293945,28.200000762939453,28.200000762939453,22716600
2025-12-17,CCL,28.26000022888184,28.89999961853028,28.01000022888184,28.030000686645508,28.030000686645508,18753700
2025-12-18,CCL,28.38999938964844,28.51000022888184,27.979999542236328,28.34000015258789,28.34000015258789,22533800
2025-12-19,CCL,28.549999237060547,31.489999771118164,27.959999084472656,31.1200008392334,31.1200008392334,84281000
2025-12-22,CCL,31.25,32.36000061035156,31.020000457763672,32.20000076293945,32.20000076293945,29981700
2025-12-23,CCL,32.52000045776367,32.88999938964844,31.31999969482422,31.65999984741211,31.65999984741211,24490100
2025-12-24,CCL,31.479999542236328,31.6200008392334,31.1200008392334,31.25,31.25,7559200
2025-12-26,CCL,31.25,31.450000762939453,30.61000061035156,30.700000762939453,30.700000762939453,10287000
2025-12-29,CCL,30.440000534057617,30.71999931335449,30.270000457763672,30.71999931335449,30.71999931335449,14914700
2025-12-30,CCL,30.71999931335449,31.01000022888184,30.700000762939453,30.81999969482422,30.81999969482422,9327600
2025-12-31,CCL,30.81999969482422,30.89999961853028,30.530000686645508,30.540000915527344,30.540000915527344,8289900
2026-01-02,CCL,30.690000534057617,31.21999931335449,30.3700008392334,30.920000076293945,30.920000076293945,15892000
2026-01-05,CCL,30.51000022888184,31.790000915527344,30.40999984741211,31.489999771118164,31.489999771118164,21182300
2026-01-06,CCL,31.600000381469727,32.79999923706055,31.46999931335449,32.29999923706055,32.29999923706055,23312500
2026-01-07,CCL,31.479999542236328,32.189998626708984,31.479999542236328,32.11000061035156,32.11000061035156,18236300
2026-01-08,CCL,32.09000015258789,32.470001220703125,31.489999771118164,31.690000534057617,31.690000534057617,20601600
2026-01-09,CCL,31.770000457763672,32.18000030517578,31.350000381469727,32.130001068115234,32.130001068115234,14978600
2026-01-12,CCL,31.89999961853028,32.0,31.39999961853028,31.61000061035156,31.61000061035156,14816100
2026-01-13,CCL,31.290000915527344,31.530000686645508,30.309999465942383,30.989999771118164,30.989999771118164,19716400
2026-01-14,CCL,30.739999771118164,30.76000022888184,29.59000015258789,30.18000030517578,30.18000030517578,23791600
2026-01-15,CCL,30.459999084472656,30.559999465942383,29.3700008392334,29.440000534057617,29.440000534057617,19752000
2026-01-16,CCL,29.440000534057617,29.489999771118164,28.799999237060547,28.920000076293945,28.920000076293945,16310400
2026-01-20,CCL,27.940000534057617,28.690000534057617,27.76000022888184,28.020000457763672,28.020000457763672,20008700
2026-01-21,CCL,28.32999992370605,28.530000686645508,28.030000686645508,28.25,28.25,15394100
2026-01-22,CCL,28.8700008392334,28.96999931335449,28.40999984741211,28.489999771118164,28.489999771118164,16454800
2026-01-23,CCL,28.350000381469727,28.8700008392334,28.190000534057617,28.549999237060547,28.549999237060547,18889900
2026-01-26,CCL,28.40999984741211,28.88999938964844,28.31999969482422,28.670000076293945,28.670000076293945,15455200
2026-01-27,CCL,28.670000076293945,28.71999931335449,28.34000015258789,28.690000534057617,28.690000534057617,10036500
